<!-- Generated by pkgdown: do not edit by hand -->
<!DOCTYPE html>
<html lang="en">
  <head>
  <meta charset="utf-8">
<meta http-equiv="X-UA-Compatible" content="IE=edge">
<meta name="viewport" content="width=device-width, initial-scale=1.0">

<title>Geometry features of Neighboring Points. — geometry_features • rTLS</title>


<!-- jquery -->
<script src="https://cdnjs.cloudflare.com/ajax/libs/jquery/3.4.1/jquery.min.js" integrity="sha256-CSXorXvZcTkaix6Yvo6HppcZGetbYMGWSFlBw8HfCJo=" crossorigin="anonymous"></script>
<!-- Bootstrap -->
<link href="https://cdnjs.cloudflare.com/ajax/libs/bootswatch/3.4.0/yeti/bootstrap.min.css" rel="stylesheet" crossorigin="anonymous" />


<script src="https://cdnjs.cloudflare.com/ajax/libs/twitter-bootstrap/3.4.1/js/bootstrap.min.js" integrity="sha256-nuL8/2cJ5NDSSwnKD8VqreErSWHtnEP9E7AySL+1ev4=" crossorigin="anonymous"></script>

<!-- bootstrap-toc -->
<link rel="stylesheet" href="../bootstrap-toc.css">
<script src="../bootstrap-toc.js"></script>

<!-- Font Awesome icons -->
<link rel="stylesheet" href="https://cdnjs.cloudflare.com/ajax/libs/font-awesome/5.12.1/css/all.min.css" integrity="sha256-mmgLkCYLUQbXn0B1SRqzHar6dCnv9oZFPEC1g1cwlkk=" crossorigin="anonymous" />
<link rel="stylesheet" href="https://cdnjs.cloudflare.com/ajax/libs/font-awesome/5.12.1/css/v4-shims.min.css" integrity="sha256-wZjR52fzng1pJHwx4aV2AO3yyTOXrcDW7jBpJtTwVxw=" crossorigin="anonymous" />

<!-- clipboard.js -->
<script src="https://cdnjs.cloudflare.com/ajax/libs/clipboard.js/2.0.6/clipboard.min.js" integrity="sha256-inc5kl9MA1hkeYUt+EC3BhlIgyp/2jDIyBLS6k3UxPI=" crossorigin="anonymous"></script>

<!-- headroom.js -->
<script src="https://cdnjs.cloudflare.com/ajax/libs/headroom/0.11.0/headroom.min.js" integrity="sha256-AsUX4SJE1+yuDu5+mAVzJbuYNPHj/WroHuZ8Ir/CkE0=" crossorigin="anonymous"></script>
<script src="https://cdnjs.cloudflare.com/ajax/libs/headroom/0.11.0/jQuery.headroom.min.js" integrity="sha256-ZX/yNShbjqsohH1k95liqY9Gd8uOiE1S4vZc+9KQ1K4=" crossorigin="anonymous"></script>

<!-- pkgdown -->
<link href="../pkgdown.css" rel="stylesheet">
<script src="../pkgdown.js"></script>




<meta property="og:title" content="Geometry features of Neighboring Points. — geometry_features" />
<meta property="og:description" content="Estimate geometry features of neighboring points in a cloud." />




<!-- mathjax -->
<script src="https://cdnjs.cloudflare.com/ajax/libs/mathjax/2.7.5/MathJax.js" integrity="sha256-nvJJv9wWKEm88qvoQl9ekL2J+k/RWIsaSScxxlsrv8k=" crossorigin="anonymous"></script>
<script src="https://cdnjs.cloudflare.com/ajax/libs/mathjax/2.7.5/config/TeX-AMS-MML_HTMLorMML.js" integrity="sha256-84DKXVJXs0/F8OTMzX4UR909+jtl4G7SPypPavF+GfA=" crossorigin="anonymous"></script>

<!--[if lt IE 9]>
<script src="https://oss.maxcdn.com/html5shiv/3.7.3/html5shiv.min.js"></script>
<script src="https://oss.maxcdn.com/respond/1.4.2/respond.min.js"></script>
<![endif]-->


<!-- Global site tag (gtag.js) - Google Analytics -->
<script async src="https://www.googletagmanager.com/gtag/js?id=G-W6KLJNB4MN"></script>
<script>
  window.dataLayer = window.dataLayer || [];
  function gtag(){dataLayer.push(arguments);}
  gtag('js', new Date());

  gtag('config', 'G-W6KLJNB4MN');
</script>


  </head>

  <body data-spy="scroll" data-target="#toc">
    <div class="container template-reference-topic">
      <header>
      <div class="navbar navbar-inverse navbar-fixed-top" role="navigation">
  <div class="container">
    <div class="navbar-header">
      <button type="button" class="navbar-toggle collapsed" data-toggle="collapse" data-target="#navbar" aria-expanded="false">
        <span class="sr-only">Toggle navigation</span>
        <span class="icon-bar"></span>
        <span class="icon-bar"></span>
        <span class="icon-bar"></span>
      </button>
      <span class="navbar-brand">
        <a class="navbar-link" href="../index.html">rTLS</a>
        <span class="version label label-default" data-toggle="tooltip" data-placement="bottom" title="Released version">0.2.3.4</span>
      </span>
    </div>

    <div id="navbar" class="navbar-collapse collapse">
      <ul class="nav navbar-nav">
        <li>
  <a href="../index.html">
    <span class="fas fa-home"></span>
     
  </a>
</li>
      </ul>
      <ul class="nav navbar-nav navbar-right">
        <li class="dropdown">
  <a href="#" class="dropdown-toggle" data-toggle="dropdown" role="button" aria-expanded="false">
    <span class="fas fa-book"></span>
     
    Articles
     
    <span class="caret"></span>
  </a>
  <ul class="dropdown-menu" role="menu">
    <li>
      <a href="../articles/Artificial-stands.html">Creation of artificial stands</a>
    </li>
    <li>
      <a href="../articles/tree-metrics.html">Estimation of tree metrics</a>
    </li>
    <li>
      <a href="../articles/voxels-fractals.html">Voxel counting and fractal geometry</a>
    </li>
  </ul>
</li>
<li>
  <a href="../reference/index.html">
    <span class="fas fa-file-code-o"></span>
     
    Functions
  </a>
</li>
<li>
  <a href="https://github.com/Antguz/rTLS/">
    <span class="fas fa-github fa-lg"></span>
     
    github
  </a>
</li>
      </ul>
      
    </div><!--/.nav-collapse -->
  </div><!--/.container -->
</div><!--/.navbar -->

      

      </header>

<div class="row">
  <div class="col-md-9 contents">
    <div class="page-header">
    <h1>Geometry features of Neighboring Points.</h1>
    <small class="dont-index">Source: <a href='https://github.com/Antguz/rTLS/blob/master/R/geometry_features.R'><code>R/geometry_features.R</code></a></small>
    <div class="hidden name"><code>geometry_features.Rd</code></div>
    </div>

    <div class="ref-description">
    <p>Estimate geometry features of neighboring points in a cloud.</p>
    </div>

    <pre class="usage"><span class='fu'>geometry_features</span><span class='op'>(</span>
  <span class='va'>cloud</span>,
  <span class='va'>method</span>,
  <span class='va'>radius</span>,
  <span class='va'>k</span>,
  <span class='va'>max_neighbour</span>,
  target <span class='op'>=</span> <span class='cn'>FALSE</span>,
  build <span class='op'>=</span> <span class='st'>"kdtree"</span>,
  threads <span class='op'>=</span> <span class='fl'>1L</span>,
  checks <span class='op'>=</span> <span class='fl'>1L</span>,
  progress <span class='op'>=</span> <span class='cn'>TRUE</span>
<span class='op'>)</span></pre>

    <h2 class="hasAnchor" id="arguments"><a class="anchor" href="#arguments"></a>Arguments</h2>
    <table class="ref-arguments">
    <colgroup><col class="name" /><col class="desc" /></colgroup>
    <tr>
      <th>cloud</th>
      <td><p>A <code>data.table</code> with *XYZ* coordinates in the first three columns.</p></td>
    </tr>
    <tr>
      <th>method</th>
      <td><p>A character string specifying the method to estimate the neighbors. It most be one of <code>"radius_search"</code> or <code>"knn"</code>.</p></td>
    </tr>
    <tr>
      <th>radius</th>
      <td><p>A <code>numeric</code> vector representing the radius for search to consider. This needs be used if <code>method = "radius_search"</code>.</p></td>
    </tr>
    <tr>
      <th>k</th>
      <td><p>An <code>integer</code> vector representing the number of neighbors to consider. This needs be used if <code>method = "knn"</code>.</p></td>
    </tr>
    <tr>
      <th>max_neighbour</th>
      <td><p>An <code>integer</code> specifying the maximum number of points to look around each query point for a given radius. This needs be used if <code>method = "radius_search"</code>.</p></td>
    </tr>
    <tr>
      <th>target</th>
      <td><p>Logic. If <code>TRUE</code>, it consider that target point for the calculations of geometry features.</p></td>
    </tr>
    <tr>
      <th>build</th>
      <td><p>A <code>character</code> describing the search structure to be used: "kdtree", "kmeans", "linear".</p></td>
    </tr>
    <tr>
      <th>threads</th>
      <td><p>An <code>integer</code> specifying the number of threads to use for parallel processing. Experiment to see what works best for your data on your hardware.</p></td>
    </tr>
    <tr>
      <th>checks</th>
      <td><p>Number of checks during searching. Higher value gives better search precision but takes longer. See FLANN C++ manual for more details.</p></td>
    </tr>
    <tr>
      <th>progress</th>
      <td><p>Show progress. <code>TRUE</code> as default.</p></td>
    </tr>
    </table>

    <h2 class="hasAnchor" id="value"><a class="anchor" href="#value"></a>Value</h2>

    <p>A <code>array</code> describing the point of the <code>cloud</code> in rows,
the relative eigenvalues in columns, and the <code>radius</code> or <code>k</code> per slide.
If <code>method = "radius_search"</code>, it add in the first column the number of
neighboring points.</p>
    <h2 class="hasAnchor" id="details"><a class="anchor" href="#details"></a>Details</h2>

    <p>The function returns the geometry features of the neighboring points
of a given point in <code>cloud</code>. Geometry features are represented by the
relative values of the eigenvalues derived from a covariance matrix of the
neighboring points. Geometry features are not estimated on target points
with less than 3 neighboring points.</p>
    <h2 class="hasAnchor" id="author"><a class="anchor" href="#author"></a>Author</h2>

    <p>J. Antonio Guzmán Q.</p>

    <h2 class="hasAnchor" id="examples"><a class="anchor" href="#examples"></a>Examples</h2>
    <pre class="examples"><div class='input'><span class='co'>#Create cloud</span>
<span class='va'>example</span> <span class='op'>&lt;-</span> <span class='fu'>data.table</span><span class='op'>(</span>X <span class='op'>=</span> <span class='fu'><a href='https://rdrr.io/r/stats/Uniform.html'>runif</a></span><span class='op'>(</span><span class='fl'>200</span>, min<span class='op'>=</span><span class='fl'>0</span>, max<span class='op'>=</span><span class='fl'>10</span><span class='op'>)</span>,
                      Y <span class='op'>=</span> <span class='fu'><a href='https://rdrr.io/r/stats/Uniform.html'>runif</a></span><span class='op'>(</span><span class='fl'>200</span>, min<span class='op'>=</span><span class='fl'>0</span>, max<span class='op'>=</span><span class='fl'>10</span><span class='op'>)</span>,
                      Z <span class='op'>=</span> <span class='fu'><a href='https://rdrr.io/r/stats/Uniform.html'>runif</a></span><span class='op'>(</span><span class='fl'>200</span>, min<span class='op'>=</span><span class='fl'>0</span>, max<span class='op'>=</span><span class='fl'>10</span><span class='op'>)</span><span class='op'>)</span>


<span class='co'>#Using knn method with two different k</span>
<span class='va'>k_test</span> <span class='op'>&lt;-</span> <span class='fu'><a href='https://rdrr.io/r/base/c.html'>c</a></span><span class='op'>(</span><span class='fl'>5</span>, <span class='fl'>10</span><span class='op'>)</span>
<span class='fu'>geometry_features</span><span class='op'>(</span><span class='va'>example</span>, method <span class='op'>=</span> <span class='st'>"knn"</span>, k <span class='op'>=</span> <span class='va'>k_test</span><span class='op'>)</span>
</div><div class='output co'>#&gt; , , k_5
#&gt; 
#&gt;          eig1       eig2         eig3
#&gt; 1   0.4790217 0.44915002 0.0718282624
#&gt; 2   0.6965881 0.29499400 0.0084178808
#&gt; 3   0.8406839 0.15637601 0.0029400969
#&gt; 4   0.6942528 0.30375218 0.0019950524
#&gt; 5   0.5548494 0.43648688 0.0086637265
#&gt; 6   0.6215036 0.20832798 0.1701684205
#&gt; 7   0.7440442 0.22999141 0.0259644342
#&gt; 8   0.8875413 0.09404938 0.0184093207
#&gt; 9   0.7158584 0.24309297 0.0410486296
#&gt; 10  0.6892934 0.25806895 0.0526376200
#&gt; 11  0.6231786 0.27297686 0.1038445459
#&gt; 12  0.4724720 0.37956331 0.1479646462
#&gt; 13  0.7606817 0.17366993 0.0656484182
#&gt; 14  0.7925793 0.16912050 0.0383002411
#&gt; 15  0.6462667 0.32295316 0.0307801840
#&gt; 16  0.6691792 0.19748200 0.1333388359
#&gt; 17  0.5960616 0.29161258 0.1123258369
#&gt; 18  0.5839795 0.33137894 0.0846415371
#&gt; 19  0.8925082 0.09380789 0.0136838713
#&gt; 20  0.7627834 0.16380583 0.0734107619
#&gt; 21  0.6965881 0.29499400 0.0084178808
#&gt; 22  0.6916896 0.22212526 0.0861851105
#&gt; 23  0.5605969 0.31872125 0.1206818828
#&gt; 24  0.5536289 0.39732454 0.0490465292
#&gt; 25  0.6135753 0.31426182 0.0721628627
#&gt; 26  0.6229094 0.34412334 0.0329672719
#&gt; 27  0.8320269 0.13898250 0.0289905648
#&gt; 28  0.6456891 0.28212945 0.0721814272
#&gt; 29  0.5360791 0.38190466 0.0820162393
#&gt; 30  0.6220592 0.36500504 0.0129357753
#&gt; 31  0.4905281 0.43937425 0.0700976208
#&gt; 32  0.8034356 0.16035026 0.0362140965
#&gt; 33  0.6991280 0.27300150 0.0278704646
#&gt; 34  0.6954595 0.24469237 0.0598481539
#&gt; 35  0.6064448 0.30247659 0.0910786618
#&gt; 36  0.5842394 0.33836836 0.0773922449
#&gt; 37  0.5137735 0.35733929 0.1288871976
#&gt; 38  0.7098419 0.23809702 0.0520610614
#&gt; 39  0.7066957 0.26590346 0.0274008630
#&gt; 40  0.6109232 0.35507435 0.0340024657
#&gt; 41  0.8070409 0.17260390 0.0203551767
#&gt; 42  0.6892934 0.25806895 0.0526376200
#&gt; 43  0.5696637 0.40556608 0.0247702095
#&gt; 44  0.6366413 0.31382518 0.0495334969
#&gt; 45  0.8309702 0.10229035 0.0667394367
#&gt; 46  0.6205739 0.37878448 0.0006416227
#&gt; 47  0.4954891 0.33303436 0.1714765836
#&gt; 48  0.5798636 0.37229317 0.0478432467
#&gt; 49  0.6484641 0.20422592 0.1473099394
#&gt; 50  0.5340196 0.35137000 0.1146103606
#&gt; 51  0.7936528 0.19020911 0.0161380727
#&gt; 52  0.7039913 0.29249699 0.0035116918
#&gt; 53  0.5910241 0.39584102 0.0131348373
#&gt; 54  0.6892934 0.25806895 0.0526376200
#&gt; 55  0.5582235 0.35406513 0.0877113474
#&gt; 56  0.5104378 0.39710300 0.0924591728
#&gt; 57  0.5881973 0.36387858 0.0479241192
#&gt; 58  0.6385769 0.25824168 0.1031813743
#&gt; 59  0.5097063 0.35590952 0.1343841466
#&gt; 60  0.7989863 0.17356493 0.0274487340
#&gt; 61  0.5002052 0.41161567 0.0881790943
#&gt; 62  0.7130236 0.17576478 0.1112115880
#&gt; 63  0.9143279 0.08490108 0.0007710564
#&gt; 64  0.7418607 0.23496310 0.0231761560
#&gt; 65  0.5887016 0.28347598 0.1278224582
#&gt; 66  0.4803899 0.40520264 0.1144074514
#&gt; 67  0.8299015 0.16259232 0.0075062256
#&gt; 68  0.7030027 0.29000640 0.0069909331
#&gt; 69  0.9003475 0.08176126 0.0178912048
#&gt; 70  0.6311003 0.31759042 0.0513092986
#&gt; 71  0.4255586 0.40807400 0.1663674024
#&gt; 72  0.6754898 0.24029391 0.0842163223
#&gt; 73  0.7935190 0.14477246 0.0617085428
#&gt; 74  0.7071271 0.24755722 0.0453156336
#&gt; 75  0.5346000 0.38188516 0.0835148792
#&gt; 76  0.5656727 0.39879813 0.0355291556
#&gt; 77  0.5323414 0.36873461 0.0989239855
#&gt; 78  0.6291945 0.32824054 0.0425649606
#&gt; 79  0.5578501 0.30122175 0.1409281938
#&gt; 80  0.8348532 0.15329016 0.0118566611
#&gt; 81  0.6017863 0.37085214 0.0273615414
#&gt; 82  0.8335132 0.14953482 0.0169520042
#&gt; 83  0.7619088 0.21554064 0.0225506104
#&gt; 84  0.7642671 0.20549809 0.0302347912
#&gt; 85  0.5492024 0.31965040 0.1311472378
#&gt; 86  0.6829494 0.31414807 0.0029025737
#&gt; 87  0.7925793 0.16912050 0.0383002411
#&gt; 88  0.6175282 0.21037013 0.1721016686
#&gt; 89  0.7426020 0.21342891 0.0439691354
#&gt; 90  0.6039344 0.29321197 0.1028535919
#&gt; 91  0.5572734 0.27312638 0.1696002610
#&gt; 92  0.8003880 0.18640073 0.0132112268
#&gt; 93  0.6857772 0.28002340 0.0341994049
#&gt; 94  0.6954595 0.24469237 0.0598481539
#&gt; 95  0.7451530 0.22586058 0.0289864663
#&gt; 96  0.6698757 0.30501178 0.0251125145
#&gt; 97  0.7935190 0.14477246 0.0617085428
#&gt; 98  0.6408310 0.27830228 0.0808667076
#&gt; 99  0.5096704 0.37722873 0.1131008833
#&gt; 100 0.8778416 0.08766632 0.0344920984
#&gt; 101 0.5287811 0.42122524 0.0499936602
#&gt; 102 0.5224557 0.29437722 0.1831670424
#&gt; 103 0.7284117 0.21378267 0.0578056620
#&gt; 104 0.8160740 0.18163987 0.0022861335
#&gt; 105 0.8160740 0.18163987 0.0022861335
#&gt; 106 0.6892934 0.25806895 0.0526376200
#&gt; 107 0.6138562 0.26460139 0.1215424271
#&gt; 108 0.6578895 0.27407102 0.0680394773
#&gt; 109 0.7273583 0.23558178 0.0370598847
#&gt; 110 0.7642671 0.20549809 0.0302347912
#&gt; 111 0.7567924 0.23649622 0.0067113529
#&gt; 112 0.7273583 0.23558178 0.0370598847
#&gt; 113 0.7138192 0.28520531 0.0009754373
#&gt; 114 0.6813828 0.24671245 0.0719047693
#&gt; 115 0.6537274 0.31842164 0.0278509135
#&gt; 116 0.7720518 0.16611008 0.0618380853
#&gt; 117 0.7247039 0.23747518 0.0378209029
#&gt; 118 0.5353062 0.40830318 0.0563905830
#&gt; 119 0.5773456 0.28277339 0.1398809967
#&gt; 120 0.5831642 0.29952823 0.1173075616
#&gt; 121 0.5559179 0.28770370 0.1563783990
#&gt; 122 0.8701864 0.12859316 0.0012204304
#&gt; 123 0.7272217 0.27125641 0.0015218635
#&gt; 124 0.5360791 0.38190466 0.0820162393
#&gt; 125 0.5462514 0.29292748 0.1608211457
#&gt; 126 0.5725745 0.33878176 0.0886437630
#&gt; 127 0.6138562 0.26460139 0.1215424271
#&gt; 128 0.5033831 0.35418885 0.1424280739
#&gt; 129 0.5115316 0.46734554 0.0211228867
#&gt; 130 0.5902923 0.33990031 0.0698073538
#&gt; 131 0.7199105 0.25727167 0.0228178311
#&gt; 132 0.6175282 0.21037013 0.1721016686
#&gt; 133 0.6340034 0.33290481 0.0330918210
#&gt; 134 0.7844127 0.20789079 0.0076965329
#&gt; 135 0.5598287 0.31980306 0.1203682789
#&gt; 136 0.6252287 0.33352471 0.0412466364
#&gt; 137 0.5798636 0.37229317 0.0478432467
#&gt; 138 0.7925172 0.11109063 0.0963921683
#&gt; 139 0.5225841 0.31015831 0.1672575976
#&gt; 140 0.6825717 0.17990548 0.1375227881
#&gt; 141 0.6000693 0.38805314 0.0118775511
#&gt; 142 0.7635668 0.17931828 0.0571148792
#&gt; 143 0.8333971 0.15102955 0.0155733292
#&gt; 144 0.8778416 0.08766632 0.0344920984
#&gt; 145 0.5979369 0.28467925 0.1173838519
#&gt; 146 0.4790452 0.29758541 0.2233693432
#&gt; 147 0.6478679 0.27448428 0.0776477830
#&gt; 148 0.6768505 0.29112494 0.0320245960
#&gt; 149 0.8804208 0.08961830 0.0299609503
#&gt; 150 0.6215036 0.20832798 0.1701684205
#&gt; 151 0.6348475 0.34753590 0.0176165704
#&gt; 152 0.5336650 0.46208385 0.0042511445
#&gt; 153 0.7560014 0.16201604 0.0819826041
#&gt; 154 0.5187471 0.45213014 0.0291227674
#&gt; 155 0.5323414 0.36873461 0.0989239855
#&gt; 156 0.8033986 0.11299729 0.0836041194
#&gt; 157 0.6897168 0.24939276 0.0608904102
#&gt; 158 0.8335132 0.14953482 0.0169520042
#&gt; 159 0.6693287 0.32815865 0.0025126658
#&gt; 160 0.7312443 0.25169640 0.0170592800
#&gt; 161 0.8377001 0.12563699 0.0366629246
#&gt; 162 0.7544519 0.19183317 0.0537149129
#&gt; 163 0.7933408 0.15003832 0.0566209211
#&gt; 164 0.7099913 0.25955888 0.0304498363
#&gt; 165 0.7626842 0.17633439 0.0609813876
#&gt; 166 0.6671434 0.25737691 0.0754797104
#&gt; 167 0.6236773 0.20788511 0.1684376214
#&gt; 168 0.8422584 0.11066023 0.0470813348
#&gt; 169 0.6046616 0.29175159 0.1035868443
#&gt; 170 0.5991550 0.32833360 0.0725113692
#&gt; 171 0.6585020 0.23142063 0.1100773633
#&gt; 172 0.8238702 0.15244159 0.0236882483
#&gt; 173 0.5475491 0.34910004 0.1033508212
#&gt; 174 0.7441320 0.21017334 0.0456946272
#&gt; 175 0.6091905 0.22779297 0.1630165163
#&gt; 176 0.6691792 0.19748200 0.1333388359
#&gt; 177 0.5265974 0.45439262 0.0190099381
#&gt; 178 0.7137294 0.23883352 0.0474371296
#&gt; 179 0.8777789 0.11097233 0.0112487654
#&gt; 180 0.5193503 0.37923932 0.1014103271
#&gt; 181 0.5440994 0.45155413 0.0043464328
#&gt; 182 0.6892934 0.25806895 0.0526376200
#&gt; 183 0.6310356 0.29797500 0.0709893807
#&gt; 184 0.8104341 0.13921339 0.0503524609
#&gt; 185 0.5685589 0.39335695 0.0380841707
#&gt; 186 0.7059588 0.28913339 0.0049078410
#&gt; 187 0.6948333 0.27950328 0.0256634487
#&gt; 188 0.8437839 0.10321591 0.0530002097
#&gt; 189 0.8146010 0.14962096 0.0357780853
#&gt; 190 0.8238702 0.15244159 0.0236882483
#&gt; 191 0.7418607 0.23496310 0.0231761560
#&gt; 192 0.6790985 0.31215855 0.0087429823
#&gt; 193 0.7087050 0.23626152 0.0550335261
#&gt; 194 0.6533202 0.34033298 0.0063468633
#&gt; 195 0.5930888 0.34909085 0.0578202970
#&gt; 196 0.6929984 0.29933818 0.0076634006
#&gt; 197 0.8181084 0.17921695 0.0026747021
#&gt; 198 0.5297569 0.45058185 0.0196612214
#&gt; 199 0.8508534 0.12223679 0.0269098377
#&gt; 200 0.6355382 0.36113583 0.0033260183
#&gt; 
#&gt; , , k_10
#&gt; 
#&gt;          eig1      eig2       eig3
#&gt; 1   0.6754917 0.2247007 0.09980759
#&gt; 2   0.4824976 0.3426604 0.17484204
#&gt; 3   0.6313999 0.2291962 0.13940389
#&gt; 4   0.5754943 0.3372818 0.08722391
#&gt; 5   0.4960176 0.3190439 0.18493845
#&gt; 6   0.7110546 0.2194718 0.06947363
#&gt; 7   0.5355925 0.3034048 0.16100271
#&gt; 8   0.4488793 0.3964825 0.15463823
#&gt; 9   0.6161120 0.2267056 0.15718240
#&gt; 10  0.5515603 0.3058851 0.14255453
#&gt; 11  0.5849990 0.2339110 0.18109000
#&gt; 12  0.6434711 0.2462494 0.11027955
#&gt; 13  0.4739797 0.3973332 0.12868713
#&gt; 14  0.6795547 0.2206685 0.09977687
#&gt; 15  0.5321043 0.3838080 0.08408770
#&gt; 16  0.5107192 0.3031839 0.18609694
#&gt; 17  0.5104121 0.3615168 0.12807107
#&gt; 18  0.5938081 0.3015222 0.10466975
#&gt; 19  0.6092503 0.3049060 0.08584362
#&gt; 20  0.5789677 0.3018264 0.11920587
#&gt; 21  0.6510890 0.2836559 0.06525502
#&gt; 22  0.7101249 0.1754351 0.11444007
#&gt; 23  0.5825599 0.2927841 0.12465595
#&gt; 24  0.5479596 0.3910963 0.06094407
#&gt; 25  0.4815189 0.2810016 0.23747945
#&gt; 26  0.5997581 0.3297156 0.07052627
#&gt; 27  0.6960091 0.2583440 0.04564687
#&gt; 28  0.5955846 0.3162283 0.08818715
#&gt; 29  0.4376329 0.3800214 0.18234573
#&gt; 30  0.5371111 0.3421462 0.12074279
#&gt; 31  0.5827592 0.2353270 0.18191381
#&gt; 32  0.5158917 0.3286959 0.15541249
#&gt; 33  0.6799450 0.2731780 0.04687695
#&gt; 34  0.4630811 0.4448373 0.09208164
#&gt; 35  0.6551696 0.2482799 0.09655056
#&gt; 36  0.6617396 0.2443689 0.09389143
#&gt; 37  0.6827897 0.2027898 0.11442054
#&gt; 38  0.6495196 0.2141935 0.13628697
#&gt; 39  0.4943602 0.3524798 0.15316002
#&gt; 40  0.7763290 0.1610831 0.06258791
#&gt; 41  0.6176516 0.3248803 0.05746807
#&gt; 42  0.5519353 0.2887453 0.15931939
#&gt; 43  0.4848132 0.3413447 0.17384208
#&gt; 44  0.6095327 0.3646316 0.02583571
#&gt; 45  0.4417784 0.3398613 0.21836029
#&gt; 46  0.6674035 0.2008629 0.13173360
#&gt; 47  0.7235694 0.1630496 0.11338103
#&gt; 48  0.5125645 0.3498791 0.13755641
#&gt; 49  0.4924644 0.4022843 0.10525130
#&gt; 50  0.4781626 0.3744425 0.14739490
#&gt; 51  0.6778808 0.2395971 0.08252217
#&gt; 52  0.5686240 0.3596192 0.07175685
#&gt; 53  0.5401234 0.2489674 0.21090922
#&gt; 54  0.5774787 0.3306747 0.09184665
#&gt; 55  0.6515792 0.2195426 0.12887820
#&gt; 56  0.5560559 0.3159468 0.12799733
#&gt; 57  0.6289291 0.2573856 0.11368529
#&gt; 58  0.5682364 0.2927681 0.13899556
#&gt; 59  0.5825912 0.3113943 0.10601449
#&gt; 60  0.7576108 0.1940655 0.04832370
#&gt; 61  0.5180854 0.3263570 0.15555760
#&gt; 62  0.6147567 0.2751946 0.11004873
#&gt; 63  0.5124451 0.3719382 0.11561668
#&gt; 64  0.6057438 0.2452616 0.14899465
#&gt; 65  0.6025292 0.2385424 0.15892840
#&gt; 66  0.5282943 0.2704436 0.20126215
#&gt; 67  0.6949872 0.1700694 0.13494340
#&gt; 68  0.4908724 0.3947523 0.11437528
#&gt; 69  0.5108163 0.4046577 0.08452609
#&gt; 70  0.5084062 0.3725692 0.11902463
#&gt; 71  0.5129294 0.3356005 0.15147006
#&gt; 72  0.5086343 0.4003214 0.09104433
#&gt; 73  0.5640680 0.2885250 0.14740698
#&gt; 74  0.5060891 0.3859565 0.10795435
#&gt; 75  0.5572929 0.2846379 0.15806920
#&gt; 76  0.4483130 0.3226047 0.22908228
#&gt; 77  0.6188322 0.2590418 0.12212604
#&gt; 78  0.5632916 0.2413093 0.19539911
#&gt; 79  0.5808646 0.2739456 0.14518976
#&gt; 80  0.4987899 0.3199094 0.18130077
#&gt; 81  0.4094722 0.3619062 0.22862152
#&gt; 82  0.5824026 0.3370308 0.08056667
#&gt; 83  0.4691992 0.3805294 0.15027144
#&gt; 84  0.5595704 0.2709654 0.16946420
#&gt; 85  0.5179501 0.2980395 0.18401042
#&gt; 86  0.6680484 0.2360056 0.09594607
#&gt; 87  0.6795547 0.2206685 0.09977687
#&gt; 88  0.5275713 0.2829152 0.18951346
#&gt; 89  0.5988682 0.2554396 0.14569217
#&gt; 90  0.6767506 0.1803151 0.14293429
#&gt; 91  0.5528511 0.3169492 0.13019969
#&gt; 92  0.6152544 0.2882724 0.09647321
#&gt; 93  0.6183340 0.2547121 0.12695387
#&gt; 94  0.4630811 0.4448373 0.09208164
#&gt; 95  0.5621377 0.2777750 0.16008728
#&gt; 96  0.6066928 0.2648691 0.12843808
#&gt; 97  0.6081058 0.2728965 0.11899763
#&gt; 98  0.5796708 0.3198818 0.10044741
#&gt; 99  0.5395998 0.3450760 0.11532421
#&gt; 100 0.5573949 0.3265964 0.11600872
#&gt; 101 0.6136900 0.2761199 0.11019004
#&gt; 102 0.6031810 0.2567108 0.14010822
#&gt; 103 0.7190183 0.1985009 0.08248075
#&gt; 104 0.4145598 0.3184990 0.26694116
#&gt; 105 0.4551083 0.3101560 0.23473569
#&gt; 106 0.6611319 0.2307064 0.10816166
#&gt; 107 0.5096626 0.3660173 0.12432011
#&gt; 108 0.5374365 0.2922453 0.17031821
#&gt; 109 0.6001810 0.2924135 0.10740554
#&gt; 110 0.5595704 0.2709654 0.16946420
#&gt; 111 0.5152236 0.4598464 0.02493006
#&gt; 112 0.6001810 0.2924135 0.10740554
#&gt; 113 0.7432601 0.1879434 0.06879650
#&gt; 114 0.5959628 0.2785139 0.12552326
#&gt; 115 0.6925118 0.2239142 0.08357404
#&gt; 116 0.5373280 0.3945593 0.06811266
#&gt; 117 0.4977752 0.3197295 0.18249529
#&gt; 118 0.4526533 0.3374300 0.20991671
#&gt; 119 0.5732026 0.3189406 0.10785680
#&gt; 120 0.6097230 0.3134463 0.07683063
#&gt; 121 0.5599529 0.3011278 0.13891927
#&gt; 122 0.4096617 0.3213454 0.26899291
#&gt; 123 0.4729573 0.3844849 0.14255783
#&gt; 124 0.6021792 0.2756485 0.12217229
#&gt; 125 0.3930709 0.3572521 0.24967697
#&gt; 126 0.4286704 0.3998675 0.17146214
#&gt; 127 0.6538820 0.2105729 0.13554503
#&gt; 128 0.7262507 0.1819049 0.09184440
#&gt; 129 0.4434360 0.3524681 0.20409596
#&gt; 130 0.5345547 0.3626982 0.10274712
#&gt; 131 0.4495701 0.3018455 0.24858438
#&gt; 132 0.6865002 0.2456275 0.06787222
#&gt; 133 0.6997696 0.2191107 0.08111966
#&gt; 134 0.5388993 0.4107218 0.05037889
#&gt; 135 0.5966458 0.2740430 0.12931116
#&gt; 136 0.6617259 0.2192331 0.11904091
#&gt; 137 0.5515346 0.3301326 0.11833280
#&gt; 138 0.4812196 0.3720127 0.14676771
#&gt; 139 0.5305266 0.3861596 0.08331376
#&gt; 140 0.5963509 0.2991417 0.10450740
#&gt; 141 0.5437282 0.3131895 0.14308227
#&gt; 142 0.4769196 0.3377261 0.18535434
#&gt; 143 0.5673713 0.3259193 0.10670935
#&gt; 144 0.5906591 0.3338393 0.07550164
#&gt; 145 0.4431818 0.4082020 0.14861627
#&gt; 146 0.4632452 0.3651263 0.17162854
#&gt; 147 0.5932195 0.2861613 0.12061916
#&gt; 148 0.6376631 0.2682262 0.09411064
#&gt; 149 0.8059454 0.1151484 0.07890617
#&gt; 150 0.6055196 0.3538277 0.04065275
#&gt; 151 0.4306519 0.3681840 0.20116412
#&gt; 152 0.4531234 0.3495654 0.19731113
#&gt; 153 0.5566640 0.3165391 0.12679696
#&gt; 154 0.4767715 0.3852247 0.13800379
#&gt; 155 0.5452746 0.2932118 0.16151360
#&gt; 156 0.5205697 0.3073923 0.17203800
#&gt; 157 0.5849241 0.2795027 0.13557315
#&gt; 158 0.5010102 0.3581092 0.14088066
#&gt; 159 0.5034739 0.3502297 0.14629636
#&gt; 160 0.4314948 0.3476972 0.22080795
#&gt; 161 0.4708232 0.3608753 0.16830148
#&gt; 162 0.4951022 0.2727034 0.23219438
#&gt; 163 0.5874633 0.2831973 0.12933941
#&gt; 164 0.5456650 0.2990692 0.15526575
#&gt; 165 0.5368327 0.2555018 0.20766556
#&gt; 166 0.6318228 0.2299426 0.13823454
#&gt; 167 0.5941038 0.2700169 0.13587931
#&gt; 168 0.6411988 0.2622820 0.09651914
#&gt; 169 0.5650417 0.2946983 0.14026004
#&gt; 170 0.4286704 0.3998675 0.17146214
#&gt; 171 0.5283122 0.3013948 0.17029304
#&gt; 172 0.5004700 0.3330660 0.16646402
#&gt; 173 0.5921832 0.2309847 0.17683213
#&gt; 174 0.6308632 0.2770626 0.09207423
#&gt; 175 0.7383188 0.1794483 0.08223298
#&gt; 176 0.4630560 0.3447681 0.19217587
#&gt; 177 0.6049748 0.2064743 0.18855087
#&gt; 178 0.5544159 0.3895807 0.05600332
#&gt; 179 0.4879362 0.3846437 0.12742011
#&gt; 180 0.4804270 0.2949109 0.22466203
#&gt; 181 0.4996686 0.3663349 0.13399648
#&gt; 182 0.5519353 0.2887453 0.15931939
#&gt; 183 0.5921832 0.2309847 0.17683213
#&gt; 184 0.6536009 0.2022587 0.14414037
#&gt; 185 0.6100999 0.3225216 0.06737852
#&gt; 186 0.6854478 0.2060059 0.10854637
#&gt; 187 0.6326896 0.2176462 0.14966421
#&gt; 188 0.4797067 0.3768800 0.14341328
#&gt; 189 0.6954855 0.1899051 0.11460948
#&gt; 190 0.4991174 0.3062092 0.19467331
#&gt; 191 0.4699590 0.3440402 0.18600080
#&gt; 192 0.6400193 0.2846361 0.07534463
#&gt; 193 0.6330273 0.2147541 0.15221864
#&gt; 194 0.5147039 0.3160721 0.16922403
#&gt; 195 0.5794805 0.2701296 0.15038992
#&gt; 196 0.5512751 0.2318916 0.21683336
#&gt; 197 0.5352023 0.3252354 0.13956230
#&gt; 198 0.5477870 0.3347659 0.11744715
#&gt; 199 0.4449785 0.4000622 0.15495936
#&gt; 200 0.5204887 0.3194541 0.16005716
#&gt; </div><div class='input'>
<span class='co'>#Using radius search method with two different radius</span>
<span class='va'>radius_test</span> <span class='op'>&lt;-</span> <span class='fu'><a href='https://rdrr.io/r/base/c.html'>c</a></span><span class='op'>(</span><span class='fl'>3</span>, <span class='fl'>4</span><span class='op'>)</span>
<span class='fu'>geometry_features</span><span class='op'>(</span><span class='va'>example</span>, method <span class='op'>=</span> <span class='st'>"radius_search"</span>, radius <span class='op'>=</span> <span class='va'>radius_test</span>, max_neighbour <span class='op'>=</span> <span class='fl'>200</span><span class='op'>)</span>
</div><div class='output co'>#&gt; , , radius_3
#&gt; 
#&gt;     npoints      eig1       eig2         eig3
#&gt; 1         3       NaN        NaN          NaN
#&gt; 2         3       NaN        NaN          NaN
#&gt; 3         1       NaN        NaN          NaN
#&gt; 4         5 0.6942528 0.30375218 0.0019950524
#&gt; 5         7 0.6508165 0.30563016 0.0435533326
#&gt; 6         4 0.5817195 0.31003977 0.1082407770
#&gt; 7         1       NaN        NaN          NaN
#&gt; 8         6 0.7350695 0.24748664 0.0174438886
#&gt; 9         6 0.5046528 0.45910746 0.0362397544
#&gt; 10        6 0.6878363 0.28537170 0.0267919793
#&gt; 11        7 0.6543955 0.22599592 0.1196085599
#&gt; 12        2       NaN        NaN          NaN
#&gt; 13        3       NaN        NaN          NaN
#&gt; 14        5 0.7925793 0.16912050 0.0383002411
#&gt; 15        3       NaN        NaN          NaN
#&gt; 16        6 0.6917138 0.25182488 0.0564613647
#&gt; 17        3       NaN        NaN          NaN
#&gt; 18        5 0.5839795 0.33137894 0.0846415371
#&gt; 19        3       NaN        NaN          NaN
#&gt; 20        6 0.6380604 0.29198374 0.0699558967
#&gt; 21        5 0.6965881 0.29499400 0.0084178808
#&gt; 22        2       NaN        NaN          NaN
#&gt; 23        3       NaN        NaN          NaN
#&gt; 24        2       NaN        NaN          NaN
#&gt; 25        5 0.6135753 0.31426182 0.0721628627
#&gt; 26        3       NaN        NaN          NaN
#&gt; 27        6 0.5821421 0.39148676 0.0263711230
#&gt; 28        2       NaN        NaN          NaN
#&gt; 29        5 0.5360791 0.38190466 0.0820162393
#&gt; 30        7 0.6314744 0.32627812 0.0422474430
#&gt; 31        4 0.6279810 0.34413994 0.0278790565
#&gt; 32        2       NaN        NaN          NaN
#&gt; 33        2       NaN        NaN          NaN
#&gt; 34        5 0.6954595 0.24469237 0.0598481539
#&gt; 35        4 0.5431999 0.31126948 0.1455306457
#&gt; 36        1       NaN        NaN          NaN
#&gt; 37        3       NaN        NaN          NaN
#&gt; 38        6 0.5046528 0.45910746 0.0362397544
#&gt; 39        4 0.8764926 0.10812209 0.0153852777
#&gt; 40        3       NaN        NaN          NaN
#&gt; 41        5 0.8070409 0.17260390 0.0203551767
#&gt; 42        6 0.6527159 0.26342426 0.0838598500
#&gt; 43        7 0.5221186 0.38336991 0.0945114519
#&gt; 44        9 0.6684813 0.29637967 0.0351390598
#&gt; 45        6 0.6706138 0.26361447 0.0657716954
#&gt; 46        3       NaN        NaN          NaN
#&gt; 47        5 0.4954891 0.33303436 0.1714765836
#&gt; 48        8 0.6147812 0.24891370 0.1363050804
#&gt; 49        6 0.6166546 0.27787238 0.1054730704
#&gt; 50        2       NaN        NaN          NaN
#&gt; 51        5 0.7936528 0.19020911 0.0161380727
#&gt; 52        3       NaN        NaN          NaN
#&gt; 53        7 0.5741137 0.27427032 0.1516159500
#&gt; 54        5 0.6892934 0.25806895 0.0526376200
#&gt; 55        7 0.6647927 0.29014729 0.0450600551
#&gt; 56        5 0.5104378 0.39710300 0.0924591728
#&gt; 57        1       NaN        NaN          NaN
#&gt; 58        3       NaN        NaN          NaN
#&gt; 59        4 0.6626556 0.33055720 0.0067871901
#&gt; 60        3       NaN        NaN          NaN
#&gt; 61        3       NaN        NaN          NaN
#&gt; 62        2       NaN        NaN          NaN
#&gt; 63        6 0.7127303 0.25189340 0.0353763236
#&gt; 64        6 0.6274503 0.23767094 0.1348787894
#&gt; 65        4 0.7402555 0.25795032 0.0017941992
#&gt; 66        4 0.7050148 0.28323504 0.0117501629
#&gt; 67        8 0.5113946 0.27533704 0.2132683304
#&gt; 68        5 0.7030027 0.29000640 0.0069909331
#&gt; 69        6 0.7406715 0.24307047 0.0162580298
#&gt; 70        7 0.5398713 0.32209798 0.1380306805
#&gt; 71        3       NaN        NaN          NaN
#&gt; 72        5 0.6754898 0.24029391 0.0842163223
#&gt; 73        3       NaN        NaN          NaN
#&gt; 74        4 0.6229617 0.34079045 0.0362478696
#&gt; 75        6 0.4103368 0.36082649 0.2288367511
#&gt; 76        5 0.5656727 0.39879813 0.0355291556
#&gt; 77        4 0.6392793 0.25726930 0.1034514431
#&gt; 78        2       NaN        NaN          NaN
#&gt; 79        3       NaN        NaN          NaN
#&gt; 80        3       NaN        NaN          NaN
#&gt; 81        5 0.6017863 0.37085214 0.0273615414
#&gt; 82        2       NaN        NaN          NaN
#&gt; 83        9 0.5918837 0.32940200 0.0787142735
#&gt; 84        4 0.7310781 0.25490815 0.0140137699
#&gt; 85        7 0.4493961 0.32917990 0.2214239862
#&gt; 86        6 0.7860543 0.19470706 0.0192386163
#&gt; 87        3       NaN        NaN          NaN
#&gt; 88        5 0.6175282 0.21037013 0.1721016686
#&gt; 89        3       NaN        NaN          NaN
#&gt; 90        4 0.7606951 0.17033320 0.0689716530
#&gt; 91        1       NaN        NaN          NaN
#&gt; 92        6 0.7932249 0.16524467 0.0415304077
#&gt; 93        6 0.5306334 0.43061153 0.0387550780
#&gt; 94        3       NaN        NaN          NaN
#&gt; 95        7 0.5767691 0.33552906 0.0877018842
#&gt; 96        7 0.7707917 0.18112305 0.0480852159
#&gt; 97        3       NaN        NaN          NaN
#&gt; 98        4 0.6401803 0.35851249 0.0013071957
#&gt; 99        4 0.7115248 0.27417392 0.0143012869
#&gt; 100       2       NaN        NaN          NaN
#&gt; 101       5 0.5287811 0.42122524 0.0499936602
#&gt; 102       2       NaN        NaN          NaN
#&gt; 103       2       NaN        NaN          NaN
#&gt; 104       5 0.8160740 0.18163987 0.0022861335
#&gt; 105       5 0.8160740 0.18163987 0.0022861335
#&gt; 106       6 0.7687876 0.21117996 0.0200324136
#&gt; 107       9 0.6847639 0.21800226 0.0972338712
#&gt; 108       5 0.6578895 0.27407102 0.0680394773
#&gt; 109       6 0.5943478 0.27804484 0.1276073162
#&gt; 110       3       NaN        NaN          NaN
#&gt; 111       8 0.5670722 0.41476825 0.0181595103
#&gt; 112       7 0.4945689 0.33821931 0.1672117765
#&gt; 113       2       NaN        NaN          NaN
#&gt; 114       8 0.4803103 0.35771433 0.1619753646
#&gt; 115       6 0.5317410 0.25067443 0.2175845995
#&gt; 116       1       NaN        NaN          NaN
#&gt; 117       3       NaN        NaN          NaN
#&gt; 118       5 0.5353062 0.40830318 0.0563905830
#&gt; 119       2       NaN        NaN          NaN
#&gt; 120       4 0.5679484 0.38333246 0.0487191821
#&gt; 121       4 0.7546281 0.21900272 0.0263691545
#&gt; 122       6 0.8002992 0.14837324 0.0513275854
#&gt; 123       3       NaN        NaN          NaN
#&gt; 124       2       NaN        NaN          NaN
#&gt; 125       3       NaN        NaN          NaN
#&gt; 126       5 0.5725745 0.33878176 0.0886437630
#&gt; 127       7 0.8096820 0.12825144 0.0620665336
#&gt; 128       2       NaN        NaN          NaN
#&gt; 129       4 0.6869484 0.31112373 0.0019279094
#&gt; 130       6 0.6027118 0.34182183 0.0554663563
#&gt; 131       5 0.7199105 0.25727167 0.0228178311
#&gt; 132       4 0.6269875 0.30462520 0.0683873278
#&gt; 133       2       NaN        NaN          NaN
#&gt; 134       5 0.7844127 0.20789079 0.0076965329
#&gt; 135       5 0.5598287 0.31980306 0.1203682789
#&gt; 136       6 0.6143385 0.31105576 0.0746057170
#&gt; 137       8 0.6147812 0.24891370 0.1363050804
#&gt; 138       2       NaN        NaN          NaN
#&gt; 139       5 0.5225841 0.31015831 0.1672575976
#&gt; 140       3       NaN        NaN          NaN
#&gt; 141       3       NaN        NaN          NaN
#&gt; 142       4 0.7894049 0.20709602 0.0034990947
#&gt; 143       1       NaN        NaN          NaN
#&gt; 144       3       NaN        NaN          NaN
#&gt; 145       6 0.5175870 0.26553070 0.2168822569
#&gt; 146       5 0.4790452 0.29758541 0.2233693432
#&gt; 147       4 0.6727741 0.22716102 0.1000648975
#&gt; 148       3       NaN        NaN          NaN
#&gt; 149       4 0.8377557 0.16051855 0.0017257968
#&gt; 150       5 0.6215036 0.20832798 0.1701684205
#&gt; 151       7 0.4479353 0.34344762 0.2086170779
#&gt; 152       4 0.8168084 0.17926281 0.0039287543
#&gt; 153       4 0.6463595 0.23663803 0.1170024488
#&gt; 154       8 0.6354005 0.30203486 0.0625646246
#&gt; 155       4 0.7938536 0.17618048 0.0299658833
#&gt; 156       6 0.7372641 0.20376246 0.0589734703
#&gt; 157       7 0.6232835 0.24872212 0.1279943351
#&gt; 158       3       NaN        NaN          NaN
#&gt; 159       2       NaN        NaN          NaN
#&gt; 160       8 0.5020645 0.32025095 0.1776845910
#&gt; 161       3       NaN        NaN          NaN
#&gt; 162       8 0.5547243 0.39113980 0.0541358625
#&gt; 163       8 0.5429167 0.39435008 0.0627332567
#&gt; 164       4 0.6501735 0.30494580 0.0448807040
#&gt; 165       4 0.7349798 0.25999346 0.0050267734
#&gt; 166       6 0.4573636 0.39011694 0.1525195002
#&gt; 167       3       NaN        NaN          NaN
#&gt; 168       7 0.7645191 0.19113076 0.0443501214
#&gt; 169       3       NaN        NaN          NaN
#&gt; 170       6 0.6505159 0.30539897 0.0440850850
#&gt; 171       7 0.5731841 0.30230936 0.1245065413
#&gt; 172       8 0.5339278 0.41533058 0.0507416346
#&gt; 173       3       NaN        NaN          NaN
#&gt; 174       9 0.5240839 0.35473059 0.1211855323
#&gt; 175       3       NaN        NaN          NaN
#&gt; 176       7 0.6509858 0.26164117 0.0873729917
#&gt; 177       4 0.7464620 0.24754475 0.0059932490
#&gt; 178       1       NaN        NaN          NaN
#&gt; 179       3       NaN        NaN          NaN
#&gt; 180       5 0.5193503 0.37923932 0.1014103271
#&gt; 181       3       NaN        NaN          NaN
#&gt; 182       8 0.5658580 0.38923152 0.0449104958
#&gt; 183       2       NaN        NaN          NaN
#&gt; 184       3       NaN        NaN          NaN
#&gt; 185       4 0.8265802 0.13779136 0.0356284282
#&gt; 186       6 0.7445241 0.23817372 0.0173022135
#&gt; 187       4 0.9565383 0.04263668 0.0008250457
#&gt; 188       9 0.5322367 0.30133629 0.1664269767
#&gt; 189       5 0.8146010 0.14962096 0.0357780853
#&gt; 190       5 0.8238702 0.15244159 0.0236882483
#&gt; 191       6 0.7609118 0.19940324 0.0396849462
#&gt; 192       3       NaN        NaN          NaN
#&gt; 193       6 0.6027118 0.34182183 0.0554663563
#&gt; 194       6 0.6027249 0.25728005 0.1399950530
#&gt; 195       3       NaN        NaN          NaN
#&gt; 196       3       NaN        NaN          NaN
#&gt; 197       4 0.6254233 0.37044308 0.0041336360
#&gt; 198       4 0.6006327 0.39019126 0.0091760390
#&gt; 199       3       NaN        NaN          NaN
#&gt; 200       2       NaN        NaN          NaN
#&gt; 
#&gt; , , radius_4
#&gt; 
#&gt;     npoints      eig1        eig2         eig3
#&gt; 1         4 0.7217507 0.260584692 0.0176645869
#&gt; 2         5 0.6965881 0.294993999 0.0084178808
#&gt; 3         2       NaN         NaN          NaN
#&gt; 4         7 0.6923030 0.254275788 0.0534211959
#&gt; 5         9 0.4429404 0.380588675 0.1764709031
#&gt; 6         5 0.6215036 0.208327977 0.1701684205
#&gt; 7         5 0.7440442 0.229991410 0.0259644342
