<!DOCTYPE html>
<!-- Generated by pkgdown: do not edit by hand --><html lang="en"><head><meta http-equiv="Content-Type" content="text/html; charset=UTF-8"><meta charset="utf-8"><meta http-equiv="X-UA-Compatible" content="IE=edge"><meta name="viewport" content="width=device-width, initial-scale=1.0"><title>Geometry features of Neighboring Points. — geometry_features • rTLS</title><!-- jquery --><script src="https://cdnjs.cloudflare.com/ajax/libs/jquery/3.4.1/jquery.min.js" integrity="sha256-CSXorXvZcTkaix6Yvo6HppcZGetbYMGWSFlBw8HfCJo=" crossorigin="anonymous"></script><!-- Bootstrap --><link href="https://cdnjs.cloudflare.com/ajax/libs/bootswatch/3.4.0/yeti/bootstrap.min.css" rel="stylesheet" crossorigin="anonymous"><script src="https://cdnjs.cloudflare.com/ajax/libs/twitter-bootstrap/3.4.1/js/bootstrap.min.js" integrity="sha256-nuL8/2cJ5NDSSwnKD8VqreErSWHtnEP9E7AySL+1ev4=" crossorigin="anonymous"></script><!-- bootstrap-toc --><link rel="stylesheet" href="../bootstrap-toc.css"><script src="../bootstrap-toc.js"></script><!-- Font Awesome icons --><link rel="stylesheet" href="https://cdnjs.cloudflare.com/ajax/libs/font-awesome/5.12.1/css/all.min.css" integrity="sha256-mmgLkCYLUQbXn0B1SRqzHar6dCnv9oZFPEC1g1cwlkk=" crossorigin="anonymous"><link rel="stylesheet" href="https://cdnjs.cloudflare.com/ajax/libs/font-awesome/5.12.1/css/v4-shims.min.css" integrity="sha256-wZjR52fzng1pJHwx4aV2AO3yyTOXrcDW7jBpJtTwVxw=" crossorigin="anonymous"><!-- clipboard.js --><script src="https://cdnjs.cloudflare.com/ajax/libs/clipboard.js/2.0.6/clipboard.min.js" integrity="sha256-inc5kl9MA1hkeYUt+EC3BhlIgyp/2jDIyBLS6k3UxPI=" crossorigin="anonymous"></script><!-- headroom.js --><script src="https://cdnjs.cloudflare.com/ajax/libs/headroom/0.11.0/headroom.min.js" integrity="sha256-AsUX4SJE1+yuDu5+mAVzJbuYNPHj/WroHuZ8Ir/CkE0=" crossorigin="anonymous"></script><script src="https://cdnjs.cloudflare.com/ajax/libs/headroom/0.11.0/jQuery.headroom.min.js" integrity="sha256-ZX/yNShbjqsohH1k95liqY9Gd8uOiE1S4vZc+9KQ1K4=" crossorigin="anonymous"></script><!-- pkgdown --><link href="../pkgdown.css" rel="stylesheet"><script src="../pkgdown.js"></script><meta property="og:title" content="Geometry features of Neighboring Points. — geometry_features"><meta property="og:description" content="Estimate geometry features of neighboring points in a cloud."><!-- mathjax --><script src="https://cdnjs.cloudflare.com/ajax/libs/mathjax/2.7.5/MathJax.js" integrity="sha256-nvJJv9wWKEm88qvoQl9ekL2J+k/RWIsaSScxxlsrv8k=" crossorigin="anonymous"></script><script src="https://cdnjs.cloudflare.com/ajax/libs/mathjax/2.7.5/config/TeX-AMS-MML_HTMLorMML.js" integrity="sha256-84DKXVJXs0/F8OTMzX4UR909+jtl4G7SPypPavF+GfA=" crossorigin="anonymous"></script><!--[if lt IE 9]>
<script src="https://oss.maxcdn.com/html5shiv/3.7.3/html5shiv.min.js"></script>
<script src="https://oss.maxcdn.com/respond/1.4.2/respond.min.js"></script>
<![endif]--><!-- Global site tag (gtag.js) - Google Analytics --><script async src="https://www.googletagmanager.com/gtag/js?id=G-W6KLJNB4MN"></script><script>
  window.dataLayer = window.dataLayer || [];
  function gtag(){dataLayer.push(arguments);}
  gtag('js', new Date());

  gtag('config', 'G-W6KLJNB4MN');
</script></head><body data-spy="scroll" data-target="#toc">
    

    <div class="container template-reference-topic">
      <header><div class="navbar navbar-inverse navbar-fixed-top" role="navigation">
  <div class="container">
    <div class="navbar-header">
      <button type="button" class="navbar-toggle collapsed" data-toggle="collapse" data-target="#navbar" aria-expanded="false">
        <span class="sr-only">Toggle navigation</span>
        <span class="icon-bar"></span>
        <span class="icon-bar"></span>
        <span class="icon-bar"></span>
      </button>
      <span class="navbar-brand">
        <a class="navbar-link" href="../index.html">rTLS</a>
        <span class="version label label-default" data-toggle="tooltip" data-placement="bottom" title="">0.2.5</span>
      </span>
    </div>

    <div id="navbar" class="navbar-collapse collapse">
      <ul class="nav navbar-nav"><li>
  <a href="../index.html">
    <span class="fa fa-home"></span>
     
  </a>
</li>
      </ul><ul class="nav navbar-nav navbar-right"><li class="dropdown">
  <a href="#" class="dropdown-toggle" data-toggle="dropdown" role="button" aria-expanded="false">
    <span class="fas fa-book"></span>
     
    Articles
     
    <span class="caret"></span>
  </a>
  <ul class="dropdown-menu" role="menu"><li>
      <a href="../articles/Artificial-stands.html">Creation of artificial stands</a>
    </li>
    <li>
      <a href="../articles/tree-metrics.html">Estimation of tree metrics</a>
    </li>
    <li>
      <a href="../articles/voxels-fractals.html">Voxel counting and fractal geometry</a>
    </li>
  </ul></li>
<li>
  <a href="../reference/index.html">
    <span class="fa fa-file-code-o"></span>
     
    Functions
  </a>
</li>
<li>
  <a href="https://github.com/Antguz/rTLS/" class="external-link">
    <span class="fa fa-github fa-lg"></span>
     
    github
  </a>
</li>
      </ul></div><!--/.nav-collapse -->
  </div><!--/.container -->
</div><!--/.navbar -->

      

      </header><div class="row">
  <div class="col-md-9 contents">
    <div class="page-header">
    <h1>Geometry features of Neighboring Points.</h1>
    <small class="dont-index">Source: <a href="https://github.com/Antguz/rTLS/blob/HEAD/R/geometry_features.R" class="external-link"><code>R/geometry_features.R</code></a></small>
    <div class="hidden name"><code>geometry_features.Rd</code></div>
    </div>

    <div class="ref-description">
    <p>Estimate geometry features of neighboring points in a cloud.</p>
    </div>

    <div class="ref-usage sourceCode">Usage,<pre class="sourceCode r"><code><span class="fu">geometry_features</span><span class="op">(</span>
  <span class="va">cloud</span>,
  <span class="va">method</span>,
  <span class="va">radius</span>,
  <span class="va">k</span>,
  <span class="va">max_neighbour</span>,
  distance <span class="op">=</span> <span class="st">"euclidean"</span>,
  target <span class="op">=</span> <span class="cn">FALSE</span>,
  threads <span class="op">=</span> <span class="fl">1L</span>,
  verbose <span class="op">=</span> <span class="cn">FALSE</span>,
  progress <span class="op">=</span> <span class="cn">TRUE</span>,
  <span class="va">...</span>
<span class="op">)</span></code></pre></div>

    <div id="ref-sections">
    <div id="arguments">
    <h2>Arguments</h2>
    <dl><dt>cloud</dt>
<dd><p>A <code>data.table</code> with *XYZ* coordinates in the first three columns.</p></dd>
<dt>method</dt>
<dd><p>A character string specifying the method to estimate the neighbors. It most be one of <code>"radius_search"</code> or <code>"knn"</code>.</p></dd>
<dt>radius</dt>
<dd><p>A <code>numeric</code> vector representing the radius for search to consider. This needs be used if <code>method = "radius_search"</code>.</p></dd>
<dt>k</dt>
<dd><p>An <code>integer</code> vector representing the number of neighbors to consider. This needs be used if <code>method = "knn"</code>.</p></dd>
<dt>max_neighbour</dt>
<dd><p>An <code>integer</code> specifying the maximum number of points to look around each query point for a given radius. This needs be used if <code>method = "radius_search"</code>.</p></dd>
<dt>distance</dt>
<dd><p>Type of distance to calculate. <code>"euclidean"</code> as default. Look <code>hnsw_knn</code> for more options.</p></dd>
<dt>target</dt>
<dd><p>Logic. If <code>TRUE</code>, it consider the each target point for the calculations of geometry features.</p></dd>
<dt>threads</dt>
<dd><p>An <code>integer</code> specifying the number of threads to use for parallel processing. Experiment to see what works best for your data on your hardware.</p></dd>
<dt>verbose</dt>
<dd><p>If <code>TRUE</code>, log messages to the console.</p></dd>
<dt>progress</dt>
<dd><p>If <code>TRUE</code>, log a progress bar when <code>verbose = TRUE</code>. Tracking progress could cause a small overhead.</p></dd>
<dt>...</dt>
<dd><p>Arguments passed to <code>hnsw_build</code> and <code>hnsw_search</code>.</p></dd>
</dl></div>
    <div id="value">
    <h2>Value</h2>
    <p>A <code>array</code> describing the point of the <code>cloud</code> in rows,
the relative eigenvalues in columns, and the <code>radius</code> or <code>k</code> per slide.
If <code>method = "radius_search"</code>, it add in the first column the number of
neighboring points.</p>
    </div>
    <div id="details">
    <h2>Details</h2>
    <p>The function returns the geometry features of the neighboring points
of a given point in <code>cloud</code>. Geometry features are represented by the
relative values of the eigenvalues derived from a covariance matrix of the
neighboring points. Geometry features are not estimated on target points
with less than 3 neighboring points.</p>
    </div>
    <div id="author">
    <h2>Author</h2>
    <p>J. Antonio Guzmán Q.</p>
    </div>
    </div>

    <div id="examples">
    <h2>Examples</h2>
    <div class="ref-examples sourceCode"><pre class="sourceCode r"><code><span class="r-in"><span class="co">#Create cloud</span></span>
<span class="r-in"><span class="va">example</span> <span class="op">&lt;-</span> <span class="fu">data.table</span><span class="op">(</span>X <span class="op">=</span> <span class="fu"><a href="https://rdrr.io/r/stats/Uniform.html" class="external-link">runif</a></span><span class="op">(</span><span class="fl">200</span>, min<span class="op">=</span><span class="fl">0</span>, max<span class="op">=</span><span class="fl">10</span><span class="op">)</span>,</span>
<span class="r-in">                      Y <span class="op">=</span> <span class="fu"><a href="https://rdrr.io/r/stats/Uniform.html" class="external-link">runif</a></span><span class="op">(</span><span class="fl">200</span>, min<span class="op">=</span><span class="fl">0</span>, max<span class="op">=</span><span class="fl">10</span><span class="op">)</span>,</span>
<span class="r-in">                      Z <span class="op">=</span> <span class="fu"><a href="https://rdrr.io/r/stats/Uniform.html" class="external-link">runif</a></span><span class="op">(</span><span class="fl">200</span>, min<span class="op">=</span><span class="fl">0</span>, max<span class="op">=</span><span class="fl">10</span><span class="op">)</span><span class="op">)</span></span>
<span class="r-in"></span>
<span class="r-in"></span>
<span class="r-in"><span class="co">#Using knn method with two different k</span></span>
<span class="r-in"><span class="va">k_test</span> <span class="op">&lt;-</span> <span class="fu"><a href="https://rdrr.io/r/base/c.html" class="external-link">c</a></span><span class="op">(</span><span class="fl">5</span>, <span class="fl">10</span><span class="op">)</span></span>
<span class="r-in"><span class="fu">geometry_features</span><span class="op">(</span><span class="va">example</span>, method <span class="op">=</span> <span class="st">"knn"</span>, k <span class="op">=</span> <span class="va">k_test</span><span class="op">)</span></span>
<span class="r-out co"><span class="r-pr">#&gt;</span> , , k_5</span>
<span class="r-out co"><span class="r-pr">#&gt;</span> </span>
<span class="r-out co"><span class="r-pr">#&gt;</span>          eig1       eig2         eig3</span>
<span class="r-out co"><span class="r-pr">#&gt;</span> 1   0.7361159 0.22263976 0.0412443670</span>
<span class="r-out co"><span class="r-pr">#&gt;</span> 2   0.8429606 0.15641967 0.0006196987</span>
<span class="r-out co"><span class="r-pr">#&gt;</span> 3   0.8949633 0.08158526 0.0234513967</span>
<span class="r-out co"><span class="r-pr">#&gt;</span> 4   0.7953617 0.12200424 0.0826340741</span>
<span class="r-out co"><span class="r-pr">#&gt;</span> 5   0.5471039 0.32546102 0.1274351073</span>
<span class="r-out co"><span class="r-pr">#&gt;</span> 6   0.6471442 0.18875577 0.1641000684</span>
<span class="r-out co"><span class="r-pr">#&gt;</span> 7   0.5792058 0.33742251 0.0833717396</span>
<span class="r-out co"><span class="r-pr">#&gt;</span> 8   0.5878762 0.36241553 0.0497083009</span>
<span class="r-out co"><span class="r-pr">#&gt;</span> 9   0.7242957 0.21627309 0.0594312202</span>
<span class="r-out co"><span class="r-pr">#&gt;</span> 10  0.6419012 0.31052459 0.0475742115</span>
<span class="r-out co"><span class="r-pr">#&gt;</span> 11  0.6215472 0.34412391 0.0343289274</span>
<span class="r-out co"><span class="r-pr">#&gt;</span> 12  0.7243383 0.25098622 0.0246754682</span>
<span class="r-out co"><span class="r-pr">#&gt;</span> 13  0.5184593 0.40717691 0.0743638196</span>
<span class="r-out co"><span class="r-pr">#&gt;</span> 14  0.7271750 0.23639064 0.0364343367</span>
<span class="r-out co"><span class="r-pr">#&gt;</span> 15  0.5686097 0.38955963 0.0418306298</span>
<span class="r-out co"><span class="r-pr">#&gt;</span> 16  0.7315636 0.17138383 0.0970525861</span>
<span class="r-out co"><span class="r-pr">#&gt;</span> 17  0.7860941 0.16166544 0.0522404339</span>
<span class="r-out co"><span class="r-pr">#&gt;</span> 18  0.8197023 0.12119051 0.0591071970</span>
<span class="r-out co"><span class="r-pr">#&gt;</span> 19  0.8098231 0.17799778 0.0121791589</span>
<span class="r-out co"><span class="r-pr">#&gt;</span> 20  0.7776605 0.12612017 0.0962193579</span>
<span class="r-out co"><span class="r-pr">#&gt;</span> 21  0.6929147 0.27329452 0.0337907358</span>
<span class="r-out co"><span class="r-pr">#&gt;</span> 22  0.7229596 0.26195947 0.0150809821</span>
<span class="r-out co"><span class="r-pr">#&gt;</span> 23  0.5496115 0.31973054 0.1306580008</span>
<span class="r-out co"><span class="r-pr">#&gt;</span> 24  0.7869275 0.20561670 0.0074558394</span>
<span class="r-out co"><span class="r-pr">#&gt;</span> 25  0.8881206 0.06509082 0.0467885809</span>
<span class="r-out co"><span class="r-pr">#&gt;</span> 26  0.6307630 0.30565366 0.0635833737</span>
<span class="r-out co"><span class="r-pr">#&gt;</span> 27  0.6808173 0.17725897 0.1419236832</span>
<span class="r-out co"><span class="r-pr">#&gt;</span> 28  0.5833349 0.26910130 0.1475637895</span>
<span class="r-out co"><span class="r-pr">#&gt;</span> 29  0.8764167 0.11651882 0.0070644298</span>
<span class="r-out co"><span class="r-pr">#&gt;</span> 30  0.7578725 0.23041303 0.0117144872</span>
<span class="r-out co"><span class="r-pr">#&gt;</span> 31  0.5805678 0.33349567 0.0859364953</span>
<span class="r-out co"><span class="r-pr">#&gt;</span> 32  0.5496115 0.31973054 0.1306580008</span>
<span class="r-out co"><span class="r-pr">#&gt;</span> 33  0.7066598 0.27905913 0.0142810727</span>
<span class="r-out co"><span class="r-pr">#&gt;</span> 34  0.7446776 0.23719309 0.0181292633</span>
<span class="r-out co"><span class="r-pr">#&gt;</span> 35  0.8096861 0.16753224 0.0227816207</span>
<span class="r-out co"><span class="r-pr">#&gt;</span> 36  0.6201118 0.34673696 0.0331512019</span>
<span class="r-out co"><span class="r-pr">#&gt;</span> 37  0.5844715 0.41285377 0.0026747706</span>
<span class="r-out co"><span class="r-pr">#&gt;</span> 38  0.6369638 0.29531888 0.0677172792</span>
<span class="r-out co"><span class="r-pr">#&gt;</span> 39  0.6590533 0.22049208 0.1204546574</span>
<span class="r-out co"><span class="r-pr">#&gt;</span> 40  0.6069261 0.36840508 0.0246688004</span>
<span class="r-out co"><span class="r-pr">#&gt;</span> 41  0.5903116 0.38704253 0.0226458730</span>
<span class="r-out co"><span class="r-pr">#&gt;</span> 42  0.7195217 0.27944351 0.0010347618</span>
<span class="r-out co"><span class="r-pr">#&gt;</span> 43  0.9125539 0.08354942 0.0038966608</span>
<span class="r-out co"><span class="r-pr">#&gt;</span> 44  0.5485961 0.40634266 0.0450612094</span>
<span class="r-out co"><span class="r-pr">#&gt;</span> 45  0.7357049 0.15328740 0.1110076779</span>
<span class="r-out co"><span class="r-pr">#&gt;</span> 46  0.6893210 0.18183831 0.1288407275</span>
<span class="r-out co"><span class="r-pr">#&gt;</span> 47  0.5273627 0.37198236 0.1006549071</span>
<span class="r-out co"><span class="r-pr">#&gt;</span> 48  0.8603187 0.13005298 0.0096283428</span>
<span class="r-out co"><span class="r-pr">#&gt;</span> 49  0.7600554 0.18031093 0.0596336458</span>
<span class="r-out co"><span class="r-pr">#&gt;</span> 50  0.8168689 0.14274198 0.0403891240</span>
<span class="r-out co"><span class="r-pr">#&gt;</span> 51  0.6194084 0.31832384 0.0622677459</span>
<span class="r-out co"><span class="r-pr">#&gt;</span> 52  0.7003631 0.27467413 0.0249627657</span>
<span class="r-out co"><span class="r-pr">#&gt;</span> 53  0.6514528 0.28639556 0.0621516741</span>
<span class="r-out co"><span class="r-pr">#&gt;</span> 54  0.6112853 0.37919571 0.0095189600</span>
<span class="r-out co"><span class="r-pr">#&gt;</span> 55  0.6494439 0.29336781 0.0571882913</span>
<span class="r-out co"><span class="r-pr">#&gt;</span> 56  0.7457482 0.24890945 0.0053423680</span>
<span class="r-out co"><span class="r-pr">#&gt;</span> 57  0.6926728 0.28531629 0.0220108876</span>
<span class="r-out co"><span class="r-pr">#&gt;</span> 58  0.6802224 0.31533056 0.0044470055</span>
<span class="r-out co"><span class="r-pr">#&gt;</span> 59  0.8641519 0.10646769 0.0293803822</span>
<span class="r-out co"><span class="r-pr">#&gt;</span> 60  0.7640802 0.22152323 0.0143965998</span>
<span class="r-out co"><span class="r-pr">#&gt;</span> 61  0.7398399 0.17933996 0.0808201156</span>
<span class="r-out co"><span class="r-pr">#&gt;</span> 62  0.5686097 0.38955963 0.0418306298</span>
<span class="r-out co"><span class="r-pr">#&gt;</span> 63  0.5868446 0.33205170 0.0811037355</span>
<span class="r-out co"><span class="r-pr">#&gt;</span> 64  0.8949633 0.08158526 0.0234513967</span>
<span class="r-out co"><span class="r-pr">#&gt;</span> 65  0.8996812 0.08545688 0.0148619244</span>
<span class="r-out co"><span class="r-pr">#&gt;</span> 66  0.4882333 0.31867348 0.1930932639</span>
<span class="r-out co"><span class="r-pr">#&gt;</span> 67  0.6513647 0.22245875 0.1261765038</span>
<span class="r-out co"><span class="r-pr">#&gt;</span> 68  0.7669590 0.23087940 0.0021615690</span>
<span class="r-out co"><span class="r-pr">#&gt;</span> 69  0.5695674 0.40662412 0.0238084411</span>
<span class="r-out co"><span class="r-pr">#&gt;</span> 70  0.7240062 0.18803872 0.0879550669</span>
<span class="r-out co"><span class="r-pr">#&gt;</span> 71  0.6914577 0.29440993 0.0141324022</span>
<span class="r-out co"><span class="r-pr">#&gt;</span> 72  0.6745696 0.29183062 0.0335997798</span>
<span class="r-out co"><span class="r-pr">#&gt;</span> 73  0.6867298 0.28705962 0.0262105846</span>
<span class="r-out co"><span class="r-pr">#&gt;</span> 74  0.7204778 0.23792063 0.0416015716</span>
<span class="r-out co"><span class="r-pr">#&gt;</span> 75  0.7465242 0.22194722 0.0315285839</span>
<span class="r-out co"><span class="r-pr">#&gt;</span> 76  0.8336347 0.09599621 0.0703690433</span>
<span class="r-out co"><span class="r-pr">#&gt;</span> 77  0.8275612 0.11071647 0.0617223242</span>
<span class="r-out co"><span class="r-pr">#&gt;</span> 78  0.7457482 0.24890945 0.0053423680</span>
<span class="r-out co"><span class="r-pr">#&gt;</span> 79  0.6581726 0.33949640 0.0023309787</span>
<span class="r-out co"><span class="r-pr">#&gt;</span> 80  0.5975584 0.40006056 0.0023810436</span>
<span class="r-out co"><span class="r-pr">#&gt;</span> 81  0.8067362 0.13468297 0.0585808573</span>
<span class="r-out co"><span class="r-pr">#&gt;</span> 82  0.6746351 0.25424254 0.0711223766</span>
<span class="r-out co"><span class="r-pr">#&gt;</span> 83  0.5203182 0.39148659 0.0881952394</span>
<span class="r-out co"><span class="r-pr">#&gt;</span> 84  0.8297048 0.14578128 0.0245138974</span>
<span class="r-out co"><span class="r-pr">#&gt;</span> 85  0.6230296 0.31077073 0.0661997047</span>
<span class="r-out co"><span class="r-pr">#&gt;</span> 86  0.5686097 0.38955963 0.0418306298</span>
<span class="r-out co"><span class="r-pr">#&gt;</span> 87  0.5980814 0.37900486 0.0229136996</span>
<span class="r-out co"><span class="r-pr">#&gt;</span> 88  0.4853415 0.29148010 0.2231783986</span>
<span class="r-out co"><span class="r-pr">#&gt;</span> 89  0.4772637 0.35798686 0.1647494568</span>
<span class="r-out co"><span class="r-pr">#&gt;</span> 90  0.7006729 0.24178608 0.0575410169</span>
<span class="r-out co"><span class="r-pr">#&gt;</span> 91  0.6555575 0.27909718 0.0653452710</span>
<span class="r-out co"><span class="r-pr">#&gt;</span> 92  0.7750527 0.16685367 0.0580936072</span>
<span class="r-out co"><span class="r-pr">#&gt;</span> 93  0.8765568 0.11297508 0.0104681534</span>
<span class="r-out co"><span class="r-pr">#&gt;</span> 94  0.8126403 0.11513716 0.0722225875</span>
<span class="r-out co"><span class="r-pr">#&gt;</span> 95  0.7578725 0.23041303 0.0117144872</span>
<span class="r-out co"><span class="r-pr">#&gt;</span> 96  0.7210408 0.24647438 0.0324848055</span>
<span class="r-out co"><span class="r-pr">#&gt;</span> 97  0.5747440 0.34912930 0.0761266647</span>
<span class="r-out co"><span class="r-pr">#&gt;</span> 98  0.8791253 0.11014678 0.0107279525</span>
<span class="r-out co"><span class="r-pr">#&gt;</span> 99  0.4979242 0.29616797 0.2059077865</span>
<span class="r-out co"><span class="r-pr">#&gt;</span> 100 0.7797571 0.19302726 0.0272156839</span>
<span class="r-out co"><span class="r-pr">#&gt;</span> 101 0.6731298 0.23229078 0.0945794482</span>
<span class="r-out co"><span class="r-pr">#&gt;</span> 102 0.6519336 0.21329775 0.1347686062</span>
<span class="r-out co"><span class="r-pr">#&gt;</span> 103 0.7552298 0.24235156 0.0024186813</span>
<span class="r-out co"><span class="r-pr">#&gt;</span> 104 0.5184593 0.40717691 0.0743638196</span>
<span class="r-out co"><span class="r-pr">#&gt;</span> 105 0.5516057 0.26600496 0.1823893453</span>
<span class="r-out co"><span class="r-pr">#&gt;</span> 106 0.6403010 0.32708763 0.0326113444</span>
<span class="r-out co"><span class="r-pr">#&gt;</span> 107 0.8791253 0.11014678 0.0107279525</span>
<span class="r-out co"><span class="r-pr">#&gt;</span> 108 0.7264884 0.23663763 0.0368739242</span>
<span class="r-out co"><span class="r-pr">#&gt;</span> 109 0.8037614 0.18469963 0.0115389622</span>
<span class="r-out co"><span class="r-pr">#&gt;</span> 110 0.7332014 0.25431171 0.0124868813</span>
<span class="r-out co"><span class="r-pr">#&gt;</span> 111 0.8113999 0.16027541 0.0283247175</span>
<span class="r-out co"><span class="r-pr">#&gt;</span> 112 0.7905928 0.19740069 0.0120064694</span>
<span class="r-out co"><span class="r-pr">#&gt;</span> 113 0.5975830 0.40197288 0.0004440809</span>
<span class="r-out co"><span class="r-pr">#&gt;</span> 114 0.6140556 0.20320661 0.1827377521</span>
<span class="r-out co"><span class="r-pr">#&gt;</span> 115 0.8454792 0.10645163 0.0480691284</span>
<span class="r-out co"><span class="r-pr">#&gt;</span> 116 0.7270271 0.16406766 0.1089051883</span>
<span class="r-out co"><span class="r-pr">#&gt;</span> 117 0.7727049 0.20212017 0.0251749225</span>
<span class="r-out co"><span class="r-pr">#&gt;</span> 118 0.9125539 0.08354942 0.0038966608</span>
<span class="r-out co"><span class="r-pr">#&gt;</span> 119 0.6369638 0.29531888 0.0677172792</span>
<span class="r-out co"><span class="r-pr">#&gt;</span> 120 0.7672427 0.16190731 0.0708500226</span>
<span class="r-out co"><span class="r-pr">#&gt;</span> 121 0.5114287 0.46162643 0.0269448214</span>
<span class="r-out co"><span class="r-pr">#&gt;</span> 122 0.8254072 0.15981088 0.0147818916</span>
<span class="r-out co"><span class="r-pr">#&gt;</span> 123 0.5769387 0.29486064 0.1282006825</span>
<span class="r-out co"><span class="r-pr">#&gt;</span> 124 0.7474686 0.17020156 0.0823298075</span>
<span class="r-out co"><span class="r-pr">#&gt;</span> 125 0.7817186 0.21645147 0.0018299105</span>
<span class="r-out co"><span class="r-pr">#&gt;</span> 126 0.6194750 0.26603254 0.1144925057</span>
<span class="r-out co"><span class="r-pr">#&gt;</span> 127 0.5421040 0.43569676 0.0221992340</span>
<span class="r-out co"><span class="r-pr">#&gt;</span> 128 0.8113999 0.16027541 0.0283247175</span>
<span class="r-out co"><span class="r-pr">#&gt;</span> 129 0.6369638 0.29531888 0.0677172792</span>
<span class="r-out co"><span class="r-pr">#&gt;</span> 130 0.8254072 0.15981088 0.0147818916</span>
<span class="r-out co"><span class="r-pr">#&gt;</span> 131 0.9193318 0.06797010 0.0126980680</span>
<span class="r-out co"><span class="r-pr">#&gt;</span> 132 0.5538900 0.44174280 0.0043672441</span>
<span class="r-out co"><span class="r-pr">#&gt;</span> 133 0.6788771 0.29536787 0.0257550061</span>
<span class="r-out co"><span class="r-pr">#&gt;</span> 134 0.6216328 0.27111242 0.1072548236</span>
<span class="r-out co"><span class="r-pr">#&gt;</span> 135 0.5552327 0.36457619 0.0801911259</span>
<span class="r-out co"><span class="r-pr">#&gt;</span> 136 0.8566619 0.14269410 0.0006440018</span>
<span class="r-out co"><span class="r-pr">#&gt;</span> 137 0.7496189 0.24290805 0.0074730471</span>
<span class="r-out co"><span class="r-pr">#&gt;</span> 138 0.7639952 0.17910501 0.0568998265</span>
<span class="r-out co"><span class="r-pr">#&gt;</span> 139 0.7776605 0.12612017 0.0962193579</span>
<span class="r-out co"><span class="r-pr">#&gt;</span> 140 0.8175114 0.11969659 0.0627919990</span>
<span class="r-out co"><span class="r-pr">#&gt;</span> 141 0.6069261 0.36840508 0.0246688004</span>
<span class="r-out co"><span class="r-pr">#&gt;</span> 142 0.5643948 0.39942047 0.0361846909</span>
<span class="r-out co"><span class="r-pr">#&gt;</span> 143 0.8640965 0.08109012 0.0548134191</span>
<span class="r-out co"><span class="r-pr">#&gt;</span> 144 0.7575026 0.24095223 0.0015451775</span>
<span class="r-out co"><span class="r-pr">#&gt;</span> 145 0.5551000 0.38303302 0.0618669351</span>
<span class="r-out co"><span class="r-pr">#&gt;</span> 146 0.8014202 0.19719322 0.0013865484</span>
<span class="r-out co"><span class="r-pr">#&gt;</span> 147 0.8316475 0.16734587 0.0010066027</span>
<span class="r-out co"><span class="r-pr">#&gt;</span> 148 0.5605638 0.30932884 0.1301073407</span>
<span class="r-out co"><span class="r-pr">#&gt;</span> 149 0.8793707 0.11874347 0.0018857934</span>
<span class="r-out co"><span class="r-pr">#&gt;</span> 150 0.6090025 0.33298203 0.0580154260</span>
<span class="r-out co"><span class="r-pr">#&gt;</span> 151 0.6522056 0.32349100 0.0243034361</span>
<span class="r-out co"><span class="r-pr">#&gt;</span> 152 0.5792058 0.33742251 0.0833717396</span>
<span class="r-out co"><span class="r-pr">#&gt;</span> 153 0.6329570 0.31600194 0.0510410851</span>
<span class="r-out co"><span class="r-pr">#&gt;</span> 154 0.6230296 0.31077073 0.0661997047</span>
<span class="r-out co"><span class="r-pr">#&gt;</span> 155 0.5815996 0.40790542 0.0104949817</span>
<span class="r-out co"><span class="r-pr">#&gt;</span> 156 0.7496189 0.24290805 0.0074730471</span>
<span class="r-out co"><span class="r-pr">#&gt;</span> 157 0.6596081 0.29417035 0.0462215233</span>
<span class="r-out co"><span class="r-pr">#&gt;</span> 158 0.6326063 0.29030323 0.0770904662</span>
<span class="r-out co"><span class="r-pr">#&gt;</span> 159 0.8297048 0.14578128 0.0245138974</span>
<span class="r-out co"><span class="r-pr">#&gt;</span> 160 0.7457482 0.24890945 0.0053423680</span>
<span class="r-out co"><span class="r-pr">#&gt;</span> 161 0.8316475 0.16734587 0.0010066027</span>
<span class="r-out co"><span class="r-pr">#&gt;</span> 162 0.6729182 0.18743454 0.1396472084</span>
<span class="r-out co"><span class="r-pr">#&gt;</span> 163 0.6443755 0.33592272 0.0197017946</span>
<span class="r-out co"><span class="r-pr">#&gt;</span> 164 0.6443755 0.33592272 0.0197017946</span>
<span class="r-out co"><span class="r-pr">#&gt;</span> 165 0.6369638 0.29531888 0.0677172792</span>
<span class="r-out co"><span class="r-pr">#&gt;</span> 166 0.7949059 0.19231306 0.0127809993</span>
<span class="r-out co"><span class="r-pr">#&gt;</span> 167 0.6707789 0.22430875 0.1049123019</span>
<span class="r-out co"><span class="r-pr">#&gt;</span> 168 0.7414896 0.21234254 0.0461678630</span>
<span class="r-out co"><span class="r-pr">#&gt;</span> 169 0.6403010 0.32708763 0.0326113444</span>
<span class="r-out co"><span class="r-pr">#&gt;</span> 170 0.8641519 0.10646769 0.0293803822</span>
<span class="r-out co"><span class="r-pr">#&gt;</span> 171 0.5815996 0.40790542 0.0104949817</span>
<span class="r-out co"><span class="r-pr">#&gt;</span> 172 0.6212604 0.36402859 0.0147110278</span>
<span class="r-out co"><span class="r-pr">#&gt;</span> 173 0.7857841 0.13880951 0.0754064119</span>
<span class="r-out co"><span class="r-pr">#&gt;</span> 174 0.6649892 0.25324166 0.0817691860</span>
<span class="r-out co"><span class="r-pr">#&gt;</span> 175 0.5201947 0.43543729 0.0443680363</span>
<span class="r-out co"><span class="r-pr">#&gt;</span> 176 0.6885540 0.22127392 0.0901720627</span>
<span class="r-out co"><span class="r-pr">#&gt;</span> 177 0.6112853 0.37919571 0.0095189600</span>
<span class="r-out co"><span class="r-pr">#&gt;</span> 178 0.5047441 0.33766690 0.1575890192</span>
<span class="r-out co"><span class="r-pr">#&gt;</span> 179 0.8144808 0.18098899 0.0045302335</span>
<span class="r-out co"><span class="r-pr">#&gt;</span> 180 0.7109899 0.27327712 0.0157329366</span>
<span class="r-out co"><span class="r-pr">#&gt;</span> 181 0.8852645 0.10781030 0.0069252083</span>
<span class="r-out co"><span class="r-pr">#&gt;</span> 182 0.5805678 0.33349567 0.0859364953</span>
<span class="r-out co"><span class="r-pr">#&gt;</span> 183 0.7029353 0.25269260 0.0443721456</span>
<span class="r-out co"><span class="r-pr">#&gt;</span> 184 0.5347055 0.38460529 0.0806891950</span>
<span class="r-out co"><span class="r-pr">#&gt;</span> 185 0.9318690 0.04820666 0.0199243238</span>
<span class="r-out co"><span class="r-pr">#&gt;</span> 186 0.6243289 0.29064993 0.0850211684</span>
<span class="r-out co"><span class="r-pr">#&gt;</span> 187 0.6340528 0.29726198 0.0686851718</span>
<span class="r-out co"><span class="r-pr">#&gt;</span> 188 0.7727049 0.20212017 0.0251749225</span>
<span class="r-out co"><span class="r-pr">#&gt;</span> 189 0.6755166 0.30506160 0.0194217906</span>
<span class="r-out co"><span class="r-pr">#&gt;</span> 190 0.6230296 0.31077073 0.0661997047</span>
<span class="r-out co"><span class="r-pr">#&gt;</span> 191 0.7586709 0.21326814 0.0280609758</span>
<span class="r-out co"><span class="r-pr">#&gt;</span> 192 0.6384768 0.22689929 0.1346238822</span>
<span class="r-out co"><span class="r-pr">#&gt;</span> 193 0.5434684 0.38842869 0.0681029576</span>
<span class="r-out co"><span class="r-pr">#&gt;</span> 194 0.6036331 0.26280175 0.1335651120</span>
<span class="r-out co"><span class="r-pr">#&gt;</span> 195 0.7163602 0.21465317 0.0689866223</span>
<span class="r-out co"><span class="r-pr">#&gt;</span> 196 0.8069291 0.19153187 0.0015390656</span>
<span class="r-out co"><span class="r-pr">#&gt;</span> 197 0.8574118 0.12923208 0.0133561691</span>
<span class="r-out co"><span class="r-pr">#&gt;</span> 198 0.6731298 0.23229078 0.0945794482</span>
<span class="r-out co"><span class="r-pr">#&gt;</span> 199 0.7227906 0.19075197 0.0864573826</span>
<span class="r-out co"><span class="r-pr">#&gt;</span> 200 0.8037614 0.18469963 0.0115389622</span>
<span class="r-out co"><span class="r-pr">#&gt;</span> </span>
<span class="r-out co"><span class="r-pr">#&gt;</span> , , k_10</span>
<span class="r-out co"><span class="r-pr">#&gt;</span> </span>
<span class="r-out co"><span class="r-pr">#&gt;</span>          eig1      eig2       eig3</span>
<span class="r-out co"><span class="r-pr">#&gt;</span> 1   0.6257309 0.3356461 0.03862300</span>
<span class="r-out co"><span class="r-pr">#&gt;</span> 2   0.6582298 0.3168572 0.02491298</span>
<span class="r-out co"><span class="r-pr">#&gt;</span> 3   0.5579494 0.2922175 0.14983305</span>
<span class="r-out co"><span class="r-pr">#&gt;</span> 4   0.6347433 0.3243766 0.04088016</span>
<span class="r-out co"><span class="r-pr">#&gt;</span> 5   0.5564820 0.2623480 0.18116999</span>
<span class="r-out co"><span class="r-pr">#&gt;</span> 6   0.5453878 0.3396633 0.11494887</span>
<span class="r-out co"><span class="r-pr">#&gt;</span> 7   0.4597216 0.3915039 0.14877454</span>
<span class="r-out co"><span class="r-pr">#&gt;</span> 8   0.5331387 0.3646279 0.10223336</span>
<span class="r-out co"><span class="r-pr">#&gt;</span> 9   0.5912769 0.3563289 0.05239422</span>
<span class="r-out co"><span class="r-pr">#&gt;</span> 10  0.5441997 0.3021157 0.15368452</span>
<span class="r-out co"><span class="r-pr">#&gt;</span> 11  0.4984754 0.2907178 0.21080684</span>
<span class="r-out co"><span class="r-pr">#&gt;</span> 12  0.5408063 0.2544495 0.20474426</span>
<span class="r-out co"><span class="r-pr">#&gt;</span> 13  0.4714882 0.4228305 0.10568126</span>
<span class="r-out co"><span class="r-pr">#&gt;</span> 14  0.5222233 0.3387871 0.13898959</span>
<span class="r-out co"><span class="r-pr">#&gt;</span> 15  0.4599512 0.3726653 0.16738346</span>
<span class="r-out co"><span class="r-pr">#&gt;</span> 16  0.6764861 0.2534586 0.07005529</span>
<span class="r-out co"><span class="r-pr">#&gt;</span> 17  0.4521566 0.3888590 0.15898440</span>
<span class="r-out co"><span class="r-pr">#&gt;</span> 18  0.5231487 0.3413663 0.13548504</span>
<span class="r-out co"><span class="r-pr">#&gt;</span> 19  0.5650862 0.3067722 0.12814152</span>
<span class="r-out co"><span class="r-pr">#&gt;</span> 20  0.6130094 0.2375345 0.14945617</span>
<span class="r-out co"><span class="r-pr">#&gt;</span> 21  0.5346937 0.3721372 0.09316913</span>
<span class="r-out co"><span class="r-pr">#&gt;</span> 22  0.5720904 0.2369059 0.19100372</span>
<span class="r-out co"><span class="r-pr">#&gt;</span> 23  0.4174371 0.3728049 0.20975803</span>
<span class="r-out co"><span class="r-pr">#&gt;</span> 24  0.5232046 0.3191345 0.15766091</span>
<span class="r-out co"><span class="r-pr">#&gt;</span> 25  0.6704864 0.2043569 0.12515674</span>
<span class="r-out co"><span class="r-pr">#&gt;</span> 26  0.5228622 0.3415374 0.13560037</span>
<span class="r-out co"><span class="r-pr">#&gt;</span> 27  0.6453757 0.2514702 0.10315405</span>
<span class="r-out co"><span class="r-pr">#&gt;</span> 28  0.5303287 0.2763454 0.19332593</span>
<span class="r-out co"><span class="r-pr">#&gt;</span> 29  0.5667358 0.3425359 0.09072825</span>
<span class="r-out co"><span class="r-pr">#&gt;</span> 30  0.6176680 0.2908024 0.09152965</span>
<span class="r-out co"><span class="r-pr">#&gt;</span> 31  0.7178719 0.2245161 0.05761203</span>
<span class="r-out co"><span class="r-pr">#&gt;</span> 32  0.5181620 0.3015187 0.18031931</span>
<span class="r-out co"><span class="r-pr">#&gt;</span> 33  0.5669484 0.2803369 0.15271471</span>
<span class="r-out co"><span class="r-pr">#&gt;</span> 34  0.4632947 0.2946073 0.24209804</span>
<span class="r-out co"><span class="r-pr">#&gt;</span> 35  0.7496636 0.1791692 0.07116722</span>
<span class="r-out co"><span class="r-pr">#&gt;</span> 36  0.5054884 0.3791427 0.11536887</span>
<span class="r-out co"><span class="r-pr">#&gt;</span> 37  0.5962929 0.2883061 0.11540095</span>
<span class="r-out co"><span class="r-pr">#&gt;</span> 38  0.5552503 0.3951634 0.04958623</span>
<span class="r-out co"><span class="r-pr">#&gt;</span> 39  0.6167187 0.2035632 0.17971813</span>
<span class="r-out co"><span class="r-pr">#&gt;</span> 40  0.5502434 0.2773262 0.17243033</span>
<span class="r-out co"><span class="r-pr">#&gt;</span> 41  0.4322070 0.3936828 0.17411013</span>
<span class="r-out co"><span class="r-pr">#&gt;</span> 42  0.6573211 0.2175980 0.12508092</span>
<span class="r-out co"><span class="r-pr">#&gt;</span> 43  0.7740764 0.1766680 0.04925555</span>
<span class="r-out co"><span class="r-pr">#&gt;</span> 44  0.5446192 0.3139363 0.14144457</span>
<span class="r-out co"><span class="r-pr">#&gt;</span> 45  0.4347350 0.4151143 0.15015065</span>
<span class="r-out co"><span class="r-pr">#&gt;</span> 46  0.7184666 0.1903650 0.09116840</span>
<span class="r-out co"><span class="r-pr">#&gt;</span> 47  0.7318882 0.2211175 0.04699424</span>
<span class="r-out co"><span class="r-pr">#&gt;</span> 48  0.5027901 0.4156889 0.08152098</span>
<span class="r-out co"><span class="r-pr">#&gt;</span> 49  0.5601094 0.3048540 0.13503663</span>
<span class="r-out co"><span class="r-pr">#&gt;</span> 50  0.6069987 0.2787693 0.11423207</span>
<span class="r-out co"><span class="r-pr">#&gt;</span> 51  0.5696423 0.3157668 0.11459095</span>
<span class="r-out co"><span class="r-pr">#&gt;</span> 52  0.5956877 0.2504476 0.15386466</span>
<span class="r-out co"><span class="r-pr">#&gt;</span> 53  0.5001577 0.3074527 0.19238959</span>
<span class="r-out co"><span class="r-pr">#&gt;</span> 54  0.7091837 0.1875944 0.10322192</span>
<span class="r-out co"><span class="r-pr">#&gt;</span> 55  0.5855810 0.2441537 0.17026529</span>
<span class="r-out co"><span class="r-pr">#&gt;</span> 56  0.5872467 0.3060741 0.10667915</span>
<span class="r-out co"><span class="r-pr">#&gt;</span> 57  0.5237363 0.2905270 0.18573665</span>
<span class="r-out co"><span class="r-pr">#&gt;</span> 58  0.4495090 0.3467651 0.20372587</span>
<span class="r-out co"><span class="r-pr">#&gt;</span> 59  0.4649348 0.2964884 0.23857678</span>
<span class="r-out co"><span class="r-pr">#&gt;</span> 60  0.5034530 0.3759588 0.12058822</span>
<span class="r-out co"><span class="r-pr">#&gt;</span> 61  0.6729277 0.2620562 0.06501609</span>
<span class="r-out co"><span class="r-pr">#&gt;</span> 62  0.4347268 0.3669184 0.19835480</span>
<span class="r-out co"><span class="r-pr">#&gt;</span> 63  0.5744226 0.3001170 0.12546044</span>
<span class="r-out co"><span class="r-pr">#&gt;</span> 64  0.5237562 0.2611711 0.21507273</span>
<span class="r-out co"><span class="r-pr">#&gt;</span> 65  0.6912442 0.2005880 0.10816784</span>
<span class="r-out co"><span class="r-pr">#&gt;</span> 66  0.6650554 0.2229836 0.11196100</span>
<span class="r-out co"><span class="r-pr">#&gt;</span> 67  0.4020779 0.3566599 0.24126220</span>
<span class="r-out co"><span class="r-pr">#&gt;</span> 68  0.5519384 0.3194774 0.12858419</span>
<span class="r-out co"><span class="r-pr">#&gt;</span> 69  0.5260983 0.3396017 0.13430008</span>
<span class="r-out co"><span class="r-pr">#&gt;</span> 70  0.6675553 0.2633396 0.06910510</span>
<span class="r-out co"><span class="r-pr">#&gt;</span> 71  0.5601094 0.3048540 0.13503663</span>
<span class="r-out co"><span class="r-pr">#&gt;</span> 72  0.5564856 0.3592798 0.08423454</span>
<span class="r-out co"><span class="r-pr">#&gt;</span> 73  0.5287788 0.4110783 0.06014282</span>
<span class="r-out co"><span class="r-pr">#&gt;</span> 74  0.6486472 0.2364738 0.11487904</span>
<span class="r-out co"><span class="r-pr">#&gt;</span> 75  0.4678768 0.3593994 0.17272372</span>
<span class="r-out co"><span class="r-pr">#&gt;</span> 76  0.5927905 0.2941099 0.11309966</span>
<span class="r-out co"><span class="r-pr">#&gt;</span> 77  0.5508232 0.4240786 0.02509821</span>
<span class="r-out co"><span class="r-pr">#&gt;</span> 78  0.6133119 0.2619006 0.12478753</span>
<span class="r-out co"><span class="r-pr">#&gt;</span> 79  0.6124147 0.3068618 0.08072355</span>
<span class="r-out co"><span class="r-pr">#&gt;</span> 80  0.5474919 0.3792252 0.07328289</span>
<span class="r-out co"><span class="r-pr">#&gt;</span> 81  0.5705519 0.3622783 0.06716982</span>
<span class="r-out co"><span class="r-pr">#&gt;</span> 82  0.6044398 0.2498959 0.14566426</span>
<span class="r-out co"><span class="r-pr">#&gt;</span> 83  0.6918889 0.2303649 0.07774623</span>
<span class="r-out co"><span class="r-pr">#&gt;</span> 84  0.4783690 0.4140291 0.10760188</span>
<span class="r-out co"><span class="r-pr">#&gt;</span> 85  0.6462155 0.2647412 0.08904323</span>
