<!DOCTYPE html>
<!-- Generated by pkgdown: do not edit by hand --><html lang="en"><head><meta http-equiv="Content-Type" content="text/html; charset=UTF-8"><meta charset="utf-8"><meta http-equiv="X-UA-Compatible" content="IE=edge"><meta name="viewport" content="width=device-width, initial-scale=1.0"><title>Geometry features of Neighboring Points. — geometry_features • rTLS</title><!-- jquery --><script src="https://cdnjs.cloudflare.com/ajax/libs/jquery/3.4.1/jquery.min.js" integrity="sha256-CSXorXvZcTkaix6Yvo6HppcZGetbYMGWSFlBw8HfCJo=" crossorigin="anonymous"></script><!-- Bootstrap --><link href="https://cdnjs.cloudflare.com/ajax/libs/bootswatch/3.4.0/yeti/bootstrap.min.css" rel="stylesheet" crossorigin="anonymous"><script src="https://cdnjs.cloudflare.com/ajax/libs/twitter-bootstrap/3.4.1/js/bootstrap.min.js" integrity="sha256-nuL8/2cJ5NDSSwnKD8VqreErSWHtnEP9E7AySL+1ev4=" crossorigin="anonymous"></script><!-- bootstrap-toc --><link rel="stylesheet" href="../bootstrap-toc.css"><script src="../bootstrap-toc.js"></script><!-- Font Awesome icons --><link rel="stylesheet" href="https://cdnjs.cloudflare.com/ajax/libs/font-awesome/5.12.1/css/all.min.css" integrity="sha256-mmgLkCYLUQbXn0B1SRqzHar6dCnv9oZFPEC1g1cwlkk=" crossorigin="anonymous"><link rel="stylesheet" href="https://cdnjs.cloudflare.com/ajax/libs/font-awesome/5.12.1/css/v4-shims.min.css" integrity="sha256-wZjR52fzng1pJHwx4aV2AO3yyTOXrcDW7jBpJtTwVxw=" crossorigin="anonymous"><!-- clipboard.js --><script src="https://cdnjs.cloudflare.com/ajax/libs/clipboard.js/2.0.6/clipboard.min.js" integrity="sha256-inc5kl9MA1hkeYUt+EC3BhlIgyp/2jDIyBLS6k3UxPI=" crossorigin="anonymous"></script><!-- headroom.js --><script src="https://cdnjs.cloudflare.com/ajax/libs/headroom/0.11.0/headroom.min.js" integrity="sha256-AsUX4SJE1+yuDu5+mAVzJbuYNPHj/WroHuZ8Ir/CkE0=" crossorigin="anonymous"></script><script src="https://cdnjs.cloudflare.com/ajax/libs/headroom/0.11.0/jQuery.headroom.min.js" integrity="sha256-ZX/yNShbjqsohH1k95liqY9Gd8uOiE1S4vZc+9KQ1K4=" crossorigin="anonymous"></script><!-- pkgdown --><link href="../pkgdown.css" rel="stylesheet"><script src="../pkgdown.js"></script><meta property="og:title" content="Geometry features of Neighboring Points. — geometry_features"><meta property="og:description" content="Estimate geometry features of neighboring points in a cloud."><!-- mathjax --><script src="https://cdnjs.cloudflare.com/ajax/libs/mathjax/2.7.5/MathJax.js" integrity="sha256-nvJJv9wWKEm88qvoQl9ekL2J+k/RWIsaSScxxlsrv8k=" crossorigin="anonymous"></script><script src="https://cdnjs.cloudflare.com/ajax/libs/mathjax/2.7.5/config/TeX-AMS-MML_HTMLorMML.js" integrity="sha256-84DKXVJXs0/F8OTMzX4UR909+jtl4G7SPypPavF+GfA=" crossorigin="anonymous"></script><!--[if lt IE 9]>
<script src="https://oss.maxcdn.com/html5shiv/3.7.3/html5shiv.min.js"></script>
<script src="https://oss.maxcdn.com/respond/1.4.2/respond.min.js"></script>
<![endif]--><!-- Global site tag (gtag.js) - Google Analytics --><script async src="https://www.googletagmanager.com/gtag/js?id=G-W6KLJNB4MN"></script><script>
  window.dataLayer = window.dataLayer || [];
  function gtag(){dataLayer.push(arguments);}
  gtag('js', new Date());

  gtag('config', 'G-W6KLJNB4MN');
</script></head><body data-spy="scroll" data-target="#toc">
    

    <div class="container template-reference-topic">
      <header><div class="navbar navbar-inverse navbar-fixed-top" role="navigation">
  <div class="container">
    <div class="navbar-header">
      <button type="button" class="navbar-toggle collapsed" data-toggle="collapse" data-target="#navbar" aria-expanded="false">
        <span class="sr-only">Toggle navigation</span>
        <span class="icon-bar"></span>
        <span class="icon-bar"></span>
        <span class="icon-bar"></span>
      </button>
      <span class="navbar-brand">
        <a class="navbar-link" href="../index.html">rTLS</a>
        <span class="version label label-default" data-toggle="tooltip" data-placement="bottom" title="">0.2.5.2</span>
      </span>
    </div>

    <div id="navbar" class="navbar-collapse collapse">
      <ul class="nav navbar-nav"><li>
  <a href="../index.html">
    <span class="fa fa-home"></span>
     
  </a>
</li>
      </ul><ul class="nav navbar-nav navbar-right"><li class="dropdown">
  <a href="#" class="dropdown-toggle" data-toggle="dropdown" role="button" aria-expanded="false">
    <span class="fas fa-book"></span>
     
    Articles
     
    <span class="caret"></span>
  </a>
  <ul class="dropdown-menu" role="menu"><li>
      <a href="../articles/Artificial-stands.html">Creation of artificial stands</a>
    </li>
    <li>
      <a href="../articles/tree-metrics.html">Estimation of tree metrics</a>
    </li>
    <li>
      <a href="../articles/voxels-fractals.html">Voxel counting and fractal geometry</a>
    </li>
  </ul></li>
<li>
  <a href="../reference/index.html">
    <span class="fa fa-file-code-o"></span>
     
    Functions
  </a>
</li>
<li>
  <a href="https://github.com/Antguz/rTLS/" class="external-link">
    <span class="fa fa-github fa-lg"></span>
     
    github
  </a>
</li>
      </ul></div><!--/.nav-collapse -->
  </div><!--/.container -->
</div><!--/.navbar -->

      

      </header><div class="row">
  <div class="col-md-9 contents">
    <div class="page-header">
    <h1>Geometry features of Neighboring Points.</h1>
    <small class="dont-index">Source: <a href="https://github.com/Antguz/rTLS/blob/HEAD/R/geometry_features.R" class="external-link"><code>R/geometry_features.R</code></a></small>
    <div class="hidden name"><code>geometry_features.Rd</code></div>
    </div>

    <div class="ref-description">
    <p>Estimate geometry features of neighboring points in a cloud.</p>
    </div>

    <div id="ref-usage">
    <div class="sourceCode"><pre class="sourceCode r"><code><span class="fu">geometry_features</span><span class="op">(</span>
  <span class="va">cloud</span>,
  <span class="va">method</span>,
  <span class="va">radius</span>,
  <span class="va">k</span>,
  <span class="va">max_neighbour</span>,
  distance <span class="op">=</span> <span class="st">"euclidean"</span>,
  target <span class="op">=</span> <span class="cn">FALSE</span>,
  threads <span class="op">=</span> <span class="fl">1L</span>,
  verbose <span class="op">=</span> <span class="cn">FALSE</span>,
  progress <span class="op">=</span> <span class="cn">TRUE</span>,
  <span class="va">...</span>
<span class="op">)</span></code></pre></div>
    </div>

    <div id="arguments">
    <h2>Arguments</h2>
    <dl><dt>cloud</dt>
<dd><p>A <code>data.table</code> with *XYZ* coordinates in the first three columns.</p></dd>
<dt>method</dt>
<dd><p>A character string specifying the method to estimate the neighbors. It most be one of <code>"radius_search"</code> or <code>"knn"</code>.</p></dd>
<dt>radius</dt>
<dd><p>A <code>numeric</code> vector representing the radius for search to consider. This needs be used if <code>method = "radius_search"</code>.</p></dd>
<dt>k</dt>
<dd><p>An <code>integer</code> vector representing the number of neighbors to consider. This needs be used if <code>method = "knn"</code>.</p></dd>
<dt>max_neighbour</dt>
<dd><p>An <code>integer</code> specifying the maximum number of points to look around each query point for a given radius. This needs be used if <code>method = "radius_search"</code>.</p></dd>
<dt>distance</dt>
<dd><p>Type of distance to calculate. <code>"euclidean"</code> as default. Look <code>hnsw_knn</code> for more options.</p></dd>
<dt>target</dt>
<dd><p>Logic. If <code>TRUE</code>, it consider the each target point for the calculations of geometry features.</p></dd>
<dt>threads</dt>
<dd><p>An <code>integer</code> specifying the number of threads to use for parallel processing. Experiment to see what works best for your data on your hardware.</p></dd>
<dt>verbose</dt>
<dd><p>If <code>TRUE</code>, log messages to the console.</p></dd>
<dt>progress</dt>
<dd><p>If <code>TRUE</code>, log a progress bar when <code>verbose = TRUE</code>. Tracking progress could cause a small overhead.</p></dd>
<dt>...</dt>
<dd><p>Arguments passed to <code>hnsw_build</code> and <code>hnsw_search</code>.</p></dd>
</dl></div>
    <div id="value">
    <h2>Value</h2>
    <p>A <code>array</code> describing the point of the <code>cloud</code> in rows,
the relative eigenvalues in columns, and the <code>radius</code> or <code>k</code> per slide.
If <code>method = "radius_search"</code>, it add in the first column the number of
neighboring points.</p>
    </div>
    <div id="details">
    <h2>Details</h2>
    <p>The function returns the geometry features of the neighboring points
of a given point in <code>cloud</code>. Geometry features are represented by the
relative values of the eigenvalues derived from a covariance matrix of the
neighboring points. Geometry features are not estimated on target points
with less than 3 neighboring points.</p>
    </div>
    <div id="author">
    <h2>Author</h2>
    <p>J. Antonio Guzmán Q.</p>
    </div>

    <div id="ref-examples">
    <h2>Examples</h2>
    <div class="sourceCode"><pre class="sourceCode r"><code><span class="r-in"><span class="co">#Create cloud</span></span>
<span class="r-in"><span class="va">example</span> <span class="op">&lt;-</span> <span class="fu">data.table</span><span class="op">(</span>X <span class="op">=</span> <span class="fu"><a href="https://rdrr.io/r/stats/Uniform.html" class="external-link">runif</a></span><span class="op">(</span><span class="fl">200</span>, min<span class="op">=</span><span class="fl">0</span>, max<span class="op">=</span><span class="fl">10</span><span class="op">)</span>,</span>
<span class="r-in">                      Y <span class="op">=</span> <span class="fu"><a href="https://rdrr.io/r/stats/Uniform.html" class="external-link">runif</a></span><span class="op">(</span><span class="fl">200</span>, min<span class="op">=</span><span class="fl">0</span>, max<span class="op">=</span><span class="fl">10</span><span class="op">)</span>,</span>
<span class="r-in">                      Z <span class="op">=</span> <span class="fu"><a href="https://rdrr.io/r/stats/Uniform.html" class="external-link">runif</a></span><span class="op">(</span><span class="fl">200</span>, min<span class="op">=</span><span class="fl">0</span>, max<span class="op">=</span><span class="fl">10</span><span class="op">)</span><span class="op">)</span></span>
<span class="r-in"></span>
<span class="r-in"></span>
<span class="r-in"><span class="co">#Using knn method with two different k</span></span>
<span class="r-in"><span class="va">k_test</span> <span class="op">&lt;-</span> <span class="fu"><a href="https://rdrr.io/r/base/c.html" class="external-link">c</a></span><span class="op">(</span><span class="fl">5</span>, <span class="fl">10</span><span class="op">)</span></span>
<span class="r-in"><span class="fu">geometry_features</span><span class="op">(</span><span class="va">example</span>, method <span class="op">=</span> <span class="st">"knn"</span>, k <span class="op">=</span> <span class="va">k_test</span><span class="op">)</span></span>
<span class="r-out co"><span class="r-pr">#&gt;</span> , , k_5</span>
<span class="r-out co"><span class="r-pr">#&gt;</span> </span>
<span class="r-out co"><span class="r-pr">#&gt;</span>          eig1       eig2         eig3</span>
<span class="r-out co"><span class="r-pr">#&gt;</span> 1   0.9193864 0.07156593 9.047645e-03</span>
<span class="r-out co"><span class="r-pr">#&gt;</span> 2   0.5929672 0.36294483 4.408801e-02</span>
<span class="r-out co"><span class="r-pr">#&gt;</span> 3   0.6150555 0.32006403 6.488044e-02</span>
<span class="r-out co"><span class="r-pr">#&gt;</span> 4   0.8096369 0.11532375 7.503933e-02</span>
<span class="r-out co"><span class="r-pr">#&gt;</span> 5   0.7248968 0.26686516 8.238007e-03</span>
<span class="r-out co"><span class="r-pr">#&gt;</span> 6   0.6368243 0.32944842 3.372730e-02</span>
<span class="r-out co"><span class="r-pr">#&gt;</span> 7   0.7701714 0.22976558 6.299241e-05</span>
<span class="r-out co"><span class="r-pr">#&gt;</span> 8   0.5211216 0.38432566 9.455278e-02</span>
<span class="r-out co"><span class="r-pr">#&gt;</span> 9   0.7193284 0.19318073 8.749090e-02</span>
<span class="r-out co"><span class="r-pr">#&gt;</span> 10  0.9137502 0.05502018 3.122958e-02</span>
<span class="r-out co"><span class="r-pr">#&gt;</span> 11  0.6713260 0.32572160 2.952399e-03</span>
<span class="r-out co"><span class="r-pr">#&gt;</span> 12  0.7280032 0.24837352 2.362327e-02</span>
<span class="r-out co"><span class="r-pr">#&gt;</span> 13  0.6091849 0.37750420 1.331092e-02</span>
<span class="r-out co"><span class="r-pr">#&gt;</span> 14  0.8186451 0.15855354 2.280137e-02</span>
<span class="r-out co"><span class="r-pr">#&gt;</span> 15  0.8352860 0.13939201 2.532197e-02</span>
<span class="r-out co"><span class="r-pr">#&gt;</span> 16  0.6974960 0.24519586 5.730810e-02</span>
<span class="r-out co"><span class="r-pr">#&gt;</span> 17  0.5211216 0.38432566 9.455278e-02</span>
<span class="r-out co"><span class="r-pr">#&gt;</span> 18  0.6752769 0.20722486 1.174982e-01</span>
<span class="r-out co"><span class="r-pr">#&gt;</span> 19  0.6395648 0.24733570 1.130995e-01</span>
<span class="r-out co"><span class="r-pr">#&gt;</span> 20  0.6462006 0.26583239 8.796706e-02</span>
<span class="r-out co"><span class="r-pr">#&gt;</span> 21  0.7159090 0.22636410 5.772693e-02</span>
<span class="r-out co"><span class="r-pr">#&gt;</span> 22  0.7753630 0.15956176 6.507528e-02</span>
<span class="r-out co"><span class="r-pr">#&gt;</span> 23  0.7651580 0.21875262 1.608941e-02</span>
<span class="r-out co"><span class="r-pr">#&gt;</span> 24  0.6493492 0.30102732 4.962345e-02</span>
<span class="r-out co"><span class="r-pr">#&gt;</span> 25  0.6167483 0.34642529 3.682642e-02</span>
<span class="r-out co"><span class="r-pr">#&gt;</span> 26  0.5488673 0.44734283 3.789885e-03</span>
<span class="r-out co"><span class="r-pr">#&gt;</span> 27  0.6515201 0.29899736 4.948254e-02</span>
<span class="r-out co"><span class="r-pr">#&gt;</span> 28  0.8921870 0.09687459 1.093841e-02</span>
<span class="r-out co"><span class="r-pr">#&gt;</span> 29  0.8049592 0.18552118 9.519573e-03</span>
<span class="r-out co"><span class="r-pr">#&gt;</span> 30  0.6405311 0.30351229 5.595659e-02</span>
<span class="r-out co"><span class="r-pr">#&gt;</span> 31  0.5480241 0.27609634 1.758796e-01</span>
<span class="r-out co"><span class="r-pr">#&gt;</span> 32  0.5815505 0.35081341 6.763609e-02</span>
<span class="r-out co"><span class="r-pr">#&gt;</span> 33  0.7506553 0.21353670 3.580803e-02</span>
<span class="r-out co"><span class="r-pr">#&gt;</span> 34  0.5671573 0.37812404 5.471869e-02</span>
<span class="r-out co"><span class="r-pr">#&gt;</span> 35  0.7085399 0.27723330 1.422681e-02</span>
<span class="r-out co"><span class="r-pr">#&gt;</span> 36  0.7804326 0.13619978 8.336761e-02</span>
<span class="r-out co"><span class="r-pr">#&gt;</span> 37  0.7597826 0.19977776 4.043959e-02</span>
<span class="r-out co"><span class="r-pr">#&gt;</span> 38  0.5211216 0.38432566 9.455278e-02</span>
<span class="r-out co"><span class="r-pr">#&gt;</span> 39  0.4638558 0.40576604 1.303781e-01</span>
<span class="r-out co"><span class="r-pr">#&gt;</span> 40  0.6583781 0.25766268 8.395924e-02</span>
<span class="r-out co"><span class="r-pr">#&gt;</span> 41  0.5947386 0.31696764 8.829377e-02</span>
<span class="r-out co"><span class="r-pr">#&gt;</span> 42  0.8343668 0.16494122 6.919908e-04</span>
<span class="r-out co"><span class="r-pr">#&gt;</span> 43  0.5471280 0.35016246 1.027096e-01</span>
<span class="r-out co"><span class="r-pr">#&gt;</span> 44  0.7878957 0.13880610 7.329820e-02</span>
<span class="r-out co"><span class="r-pr">#&gt;</span> 45  0.5748857 0.41055400 1.456032e-02</span>
<span class="r-out co"><span class="r-pr">#&gt;</span> 46  0.5903301 0.33525750 7.441240e-02</span>
<span class="r-out co"><span class="r-pr">#&gt;</span> 47  0.7144280 0.27067458 1.489742e-02</span>
<span class="r-out co"><span class="r-pr">#&gt;</span> 48  0.5673303 0.37327549 5.939423e-02</span>
<span class="r-out co"><span class="r-pr">#&gt;</span> 49  0.6626489 0.24999541 8.735564e-02</span>
<span class="r-out co"><span class="r-pr">#&gt;</span> 50  0.7519502 0.22742535 2.062450e-02</span>
<span class="r-out co"><span class="r-pr">#&gt;</span> 51  0.5905660 0.38581713 2.361691e-02</span>
<span class="r-out co"><span class="r-pr">#&gt;</span> 52  0.6511326 0.32396268 2.490473e-02</span>
<span class="r-out co"><span class="r-pr">#&gt;</span> 53  0.6630073 0.24231343 9.467926e-02</span>
<span class="r-out co"><span class="r-pr">#&gt;</span> 54  0.5829836 0.37478139 4.223505e-02</span>
<span class="r-out co"><span class="r-pr">#&gt;</span> 55  0.6139680 0.38507157 9.604248e-04</span>
<span class="r-out co"><span class="r-pr">#&gt;</span> 56  0.7291455 0.17414997 9.670456e-02</span>
<span class="r-out co"><span class="r-pr">#&gt;</span> 57  0.7217033 0.16998153 1.083152e-01</span>
<span class="r-out co"><span class="r-pr">#&gt;</span> 58  0.5702352 0.40289042 2.687442e-02</span>
<span class="r-out co"><span class="r-pr">#&gt;</span> 59  0.6713260 0.32572160 2.952399e-03</span>
<span class="r-out co"><span class="r-pr">#&gt;</span> 60  0.6626489 0.24999541 8.735564e-02</span>
<span class="r-out co"><span class="r-pr">#&gt;</span> 61  0.7582929 0.21549700 2.621005e-02</span>
<span class="r-out co"><span class="r-pr">#&gt;</span> 62  0.6849988 0.19740268 1.175985e-01</span>
<span class="r-out co"><span class="r-pr">#&gt;</span> 63  0.8785136 0.11477109 6.715335e-03</span>
<span class="r-out co"><span class="r-pr">#&gt;</span> 64  0.7944593 0.11460186 9.093883e-02</span>
<span class="r-out co"><span class="r-pr">#&gt;</span> 65  0.7291455 0.17414997 9.670456e-02</span>
<span class="r-out co"><span class="r-pr">#&gt;</span> 66  0.6661856 0.22927442 1.045400e-01</span>
<span class="r-out co"><span class="r-pr">#&gt;</span> 67  0.8715296 0.08933933 3.913109e-02</span>
<span class="r-out co"><span class="r-pr">#&gt;</span> 68  0.6432712 0.30564298 5.108579e-02</span>
<span class="r-out co"><span class="r-pr">#&gt;</span> 69  0.6154676 0.24287410 1.416583e-01</span>
<span class="r-out co"><span class="r-pr">#&gt;</span> 70  0.5058677 0.34639621 1.477361e-01</span>
<span class="r-out co"><span class="r-pr">#&gt;</span> 71  0.7637517 0.21924568 1.700264e-02</span>
<span class="r-out co"><span class="r-pr">#&gt;</span> 72  0.7038092 0.23936477 5.682607e-02</span>
<span class="r-out co"><span class="r-pr">#&gt;</span> 73  0.7686422 0.17866534 5.269245e-02</span>
<span class="r-out co"><span class="r-pr">#&gt;</span> 74  0.7928928 0.17809247 2.901472e-02</span>
<span class="r-out co"><span class="r-pr">#&gt;</span> 75  0.8187323 0.16959961 1.166804e-02</span>
<span class="r-out co"><span class="r-pr">#&gt;</span> 76  0.7075391 0.19629812 9.616277e-02</span>
<span class="r-out co"><span class="r-pr">#&gt;</span> 77  0.7344065 0.21871235 4.688112e-02</span>
<span class="r-out co"><span class="r-pr">#&gt;</span> 78  0.6812446 0.31509489 3.660489e-03</span>
<span class="r-out co"><span class="r-pr">#&gt;</span> 79  0.6730169 0.32022430 6.758756e-03</span>
<span class="r-out co"><span class="r-pr">#&gt;</span> 80  0.7028660 0.22988831 6.724571e-02</span>
<span class="r-out co"><span class="r-pr">#&gt;</span> 81  0.6887051 0.29118561 2.010932e-02</span>
<span class="r-out co"><span class="r-pr">#&gt;</span> 82  0.6477768 0.30314562 4.907761e-02</span>
<span class="r-out co"><span class="r-pr">#&gt;</span> 83  0.5913888 0.29358093 1.150303e-01</span>
<span class="r-out co"><span class="r-pr">#&gt;</span> 84  0.7427405 0.25404402 3.215483e-03</span>
<span class="r-out co"><span class="r-pr">#&gt;</span> 85  0.8057772 0.14163970 5.258310e-02</span>
<span class="r-out co"><span class="r-pr">#&gt;</span> 86  0.4818218 0.38138579 1.367924e-01</span>
<span class="r-out co"><span class="r-pr">#&gt;</span> 87  0.7446216 0.24841880 6.959598e-03</span>
<span class="r-out co"><span class="r-pr">#&gt;</span> 88  0.5076585 0.46294958 2.939191e-02</span>
<span class="r-out co"><span class="r-pr">#&gt;</span> 89  0.7217033 0.16998153 1.083152e-01</span>
<span class="r-out co"><span class="r-pr">#&gt;</span> 90  0.5546838 0.29959419 1.457220e-01</span>
<span class="r-out co"><span class="r-pr">#&gt;</span> 91  0.7645298 0.21346261 2.200762e-02</span>
<span class="r-out co"><span class="r-pr">#&gt;</span> 92  0.6334828 0.31006698 5.645026e-02</span>
<span class="r-out co"><span class="r-pr">#&gt;</span> 93  0.5289683 0.44690971 2.412201e-02</span>
<span class="r-out co"><span class="r-pr">#&gt;</span> 94  0.6417573 0.32099187 3.725087e-02</span>
<span class="r-out co"><span class="r-pr">#&gt;</span> 95  0.6708893 0.32296485 6.145860e-03</span>
<span class="r-out co"><span class="r-pr">#&gt;</span> 96  0.6296058 0.34030271 3.009145e-02</span>
<span class="r-out co"><span class="r-pr">#&gt;</span> 97  0.6118688 0.28836162 9.976960e-02</span>
<span class="r-out co"><span class="r-pr">#&gt;</span> 98  0.8227487 0.14895942 2.829188e-02</span>
<span class="r-out co"><span class="r-pr">#&gt;</span> 99  0.7663915 0.22594523 7.663217e-03</span>
<span class="r-out co"><span class="r-pr">#&gt;</span> 100 0.6187302 0.23610040 1.451694e-01</span>
<span class="r-out co"><span class="r-pr">#&gt;</span> 101 0.7217033 0.16998153 1.083152e-01</span>
<span class="r-out co"><span class="r-pr">#&gt;</span> 102 0.9599578 0.03908019 9.620505e-04</span>
<span class="r-out co"><span class="r-pr">#&gt;</span> 103 0.7009872 0.22932281 6.968998e-02</span>
<span class="r-out co"><span class="r-pr">#&gt;</span> 104 0.6233039 0.19769971 1.789964e-01</span>
<span class="r-out co"><span class="r-pr">#&gt;</span> 105 0.5775081 0.34202824 8.046371e-02</span>
<span class="r-out co"><span class="r-pr">#&gt;</span> 106 0.7597826 0.19977776 4.043959e-02</span>
<span class="r-out co"><span class="r-pr">#&gt;</span> 107 0.6023889 0.32573927 7.187186e-02</span>
<span class="r-out co"><span class="r-pr">#&gt;</span> 108 0.6205667 0.36174006 1.769329e-02</span>
<span class="r-out co"><span class="r-pr">#&gt;</span> 109 0.8562509 0.10790882 3.584031e-02</span>
<span class="r-out co"><span class="r-pr">#&gt;</span> 110 0.5427052 0.33872064 1.185741e-01</span>
<span class="r-out co"><span class="r-pr">#&gt;</span> 111 0.7779315 0.21892591 3.142613e-03</span>
<span class="r-out co"><span class="r-pr">#&gt;</span> 112 0.4672339 0.34774265 1.850235e-01</span>
<span class="r-out co"><span class="r-pr">#&gt;</span> 113 0.5448847 0.37508819 8.002715e-02</span>
<span class="r-out co"><span class="r-pr">#&gt;</span> 114 0.9530199 0.04385239 3.127659e-03</span>
<span class="r-out co"><span class="r-pr">#&gt;</span> 115 0.6054080 0.36201846 3.257358e-02</span>
<span class="r-out co"><span class="r-pr">#&gt;</span> 116 0.7597826 0.19977776 4.043959e-02</span>
<span class="r-out co"><span class="r-pr">#&gt;</span> 117 0.5357618 0.32451918 1.397190e-01</span>
<span class="r-out co"><span class="r-pr">#&gt;</span> 118 0.6660671 0.22372813 1.102047e-01</span>
<span class="r-out co"><span class="r-pr">#&gt;</span> 119 0.9219522 0.05358706 2.446073e-02</span>
<span class="r-out co"><span class="r-pr">#&gt;</span> 120 0.6152709 0.32671499 5.801409e-02</span>
<span class="r-out co"><span class="r-pr">#&gt;</span> 121 0.6222818 0.21110398 1.666143e-01</span>
<span class="r-out co"><span class="r-pr">#&gt;</span> 122 0.7158191 0.24136549 4.281541e-02</span>
<span class="r-out co"><span class="r-pr">#&gt;</span> 123 0.6361222 0.26147793 1.023998e-01</span>
<span class="r-out co"><span class="r-pr">#&gt;</span> 124 0.7285617 0.16398902 1.074493e-01</span>
<span class="r-out co"><span class="r-pr">#&gt;</span> 125 0.8875972 0.11128198 1.120790e-03</span>
<span class="r-out co"><span class="r-pr">#&gt;</span> 126 0.8524112 0.11512586 3.246298e-02</span>
<span class="r-out co"><span class="r-pr">#&gt;</span> 127 0.6413841 0.25105298 1.075630e-01</span>
<span class="r-out co"><span class="r-pr">#&gt;</span> 128 0.8263617 0.11454656 5.909170e-02</span>
<span class="r-out co"><span class="r-pr">#&gt;</span> 129 0.8137978 0.14608750 4.011475e-02</span>
<span class="r-out co"><span class="r-pr">#&gt;</span> 130 0.5533878 0.40328578 4.332637e-02</span>
<span class="r-out co"><span class="r-pr">#&gt;</span> 131 0.5520660 0.41469834 3.323570e-02</span>
<span class="r-out co"><span class="r-pr">#&gt;</span> 132 0.6628533 0.22041910 1.167276e-01</span>
<span class="r-out co"><span class="r-pr">#&gt;</span> 133 0.6393948 0.23953209 1.210731e-01</span>
<span class="r-out co"><span class="r-pr">#&gt;</span> 134 0.5513659 0.38453886 6.409521e-02</span>
<span class="r-out co"><span class="r-pr">#&gt;</span> 135 0.6260261 0.27025538 1.037185e-01</span>
<span class="r-out co"><span class="r-pr">#&gt;</span> 136 0.6574598 0.27550729 6.703287e-02</span>
<span class="r-out co"><span class="r-pr">#&gt;</span> 137 0.7005640 0.28604820 1.338781e-02</span>
<span class="r-out co"><span class="r-pr">#&gt;</span> 138 0.5477224 0.31651976 1.357579e-01</span>
<span class="r-out co"><span class="r-pr">#&gt;</span> 139 0.6167483 0.34642529 3.682642e-02</span>
<span class="r-out co"><span class="r-pr">#&gt;</span> 140 0.7046856 0.25748328 3.783113e-02</span>
<span class="r-out co"><span class="r-pr">#&gt;</span> 141 0.7217033 0.16998153 1.083152e-01</span>
<span class="r-out co"><span class="r-pr">#&gt;</span> 142 0.6150555 0.32006403 6.488044e-02</span>
<span class="r-out co"><span class="r-pr">#&gt;</span> 143 0.7150295 0.24185805 4.311249e-02</span>
<span class="r-out co"><span class="r-pr">#&gt;</span> 144 0.6644749 0.30310493 3.242014e-02</span>
<span class="r-out co"><span class="r-pr">#&gt;</span> 145 0.6633493 0.32674203 9.908670e-03</span>
<span class="r-out co"><span class="r-pr">#&gt;</span> 146 0.6008127 0.35653084 4.265648e-02</span>
<span class="r-out co"><span class="r-pr">#&gt;</span> 147 0.6901759 0.27355472 3.626941e-02</span>
<span class="r-out co"><span class="r-pr">#&gt;</span> 148 0.5786450 0.34626975 7.508520e-02</span>
<span class="r-out co"><span class="r-pr">#&gt;</span> 149 0.6395648 0.24733570 1.130995e-01</span>
<span class="r-out co"><span class="r-pr">#&gt;</span> 150 0.5739351 0.41253425 1.353068e-02</span>
<span class="r-out co"><span class="r-pr">#&gt;</span> 151 0.5500095 0.43678692 1.320360e-02</span>
<span class="r-out co"><span class="r-pr">#&gt;</span> 152 0.6369034 0.32357785 3.951879e-02</span>
<span class="r-out co"><span class="r-pr">#&gt;</span> 153 0.7449727 0.21078221 4.424507e-02</span>
<span class="r-out co"><span class="r-pr">#&gt;</span> 154 0.7434689 0.22880514 2.772594e-02</span>
<span class="r-out co"><span class="r-pr">#&gt;</span> 155 0.8196326 0.16164909 1.871832e-02</span>
<span class="r-out co"><span class="r-pr">#&gt;</span> 156 0.6185191 0.27532006 1.061608e-01</span>
<span class="r-out co"><span class="r-pr">#&gt;</span> 157 0.7185973 0.25382039 2.758229e-02</span>
<span class="r-out co"><span class="r-pr">#&gt;</span> 158 0.6834346 0.27538477 4.118062e-02</span>
<span class="r-out co"><span class="r-pr">#&gt;</span> 159 0.5892052 0.40468745 6.107362e-03</span>
<span class="r-out co"><span class="r-pr">#&gt;</span> 160 0.7570305 0.24155953 1.409954e-03</span>
<span class="r-out co"><span class="r-pr">#&gt;</span> 161 0.8187323 0.16959961 1.166804e-02</span>
<span class="r-out co"><span class="r-pr">#&gt;</span> 162 0.8166495 0.14055148 4.279906e-02</span>
<span class="r-out co"><span class="r-pr">#&gt;</span> 163 0.7410067 0.17190170 8.709158e-02</span>
<span class="r-out co"><span class="r-pr">#&gt;</span> 164 0.6154676 0.24287410 1.416583e-01</span>
<span class="r-out co"><span class="r-pr">#&gt;</span> 165 0.7387655 0.17533797 8.589648e-02</span>
<span class="r-out co"><span class="r-pr">#&gt;</span> 166 0.8164413 0.17445027 9.108460e-03</span>
<span class="r-out co"><span class="r-pr">#&gt;</span> 167 0.7127427 0.20016561 8.709173e-02</span>
<span class="r-out co"><span class="r-pr">#&gt;</span> 168 0.6548710 0.28310424 6.202473e-02</span>
<span class="r-out co"><span class="r-pr">#&gt;</span> 169 0.8222865 0.12723542 5.047813e-02</span>
<span class="r-out co"><span class="r-pr">#&gt;</span> 170 0.6728499 0.18682585 1.403243e-01</span>
<span class="r-out co"><span class="r-pr">#&gt;</span> 171 0.5790168 0.27889703 1.420861e-01</span>
<span class="r-out co"><span class="r-pr">#&gt;</span> 172 0.8634226 0.12924664 7.330763e-03</span>
<span class="r-out co"><span class="r-pr">#&gt;</span> 173 0.5832717 0.25282787 1.639005e-01</span>
<span class="r-out co"><span class="r-pr">#&gt;</span> 174 0.5775081 0.34202824 8.046371e-02</span>
<span class="r-out co"><span class="r-pr">#&gt;</span> 175 0.6607852 0.29895755 4.025724e-02</span>
<span class="r-out co"><span class="r-pr">#&gt;</span> 176 0.5858227 0.27876968 1.354077e-01</span>
<span class="r-out co"><span class="r-pr">#&gt;</span> 177 0.6047430 0.33020525 6.505172e-02</span>
<span class="r-out co"><span class="r-pr">#&gt;</span> 178 0.6513019 0.34056120 8.136913e-03</span>
<span class="r-out co"><span class="r-pr">#&gt;</span> 179 0.8559734 0.12194919 2.207737e-02</span>
<span class="r-out co"><span class="r-pr">#&gt;</span> 180 0.7778412 0.19038783 3.177095e-02</span>
<span class="r-out co"><span class="r-pr">#&gt;</span> 181 0.7495250 0.20925764 4.121734e-02</span>
<span class="r-out co"><span class="r-pr">#&gt;</span> 182 0.9219522 0.05358706 2.446073e-02</span>
<span class="r-out co"><span class="r-pr">#&gt;</span> 183 0.5265390 0.30181486 1.716461e-01</span>
<span class="r-out co"><span class="r-pr">#&gt;</span> 184 0.6830616 0.31444246 2.495963e-03</span>
<span class="r-out co"><span class="r-pr">#&gt;</span> 185 0.5753347 0.23012721 1.945381e-01</span>
<span class="r-out co"><span class="r-pr">#&gt;</span> 186 0.8975170 0.08384417 1.863882e-02</span>
<span class="r-out co"><span class="r-pr">#&gt;</span> 187 0.4954550 0.36168830 1.428568e-01</span>
<span class="r-out co"><span class="r-pr">#&gt;</span> 188 0.8638874 0.12719653 8.916068e-03</span>
<span class="r-out co"><span class="r-pr">#&gt;</span> 189 0.7298134 0.19279764 7.738900e-02</span>
<span class="r-out co"><span class="r-pr">#&gt;</span> 190 0.7709902 0.22708622 1.923546e-03</span>
<span class="r-out co"><span class="r-pr">#&gt;</span> 191 0.7775211 0.13253695 8.994190e-02</span>
<span class="r-out co"><span class="r-pr">#&gt;</span> 192 0.6048603 0.36696648 2.817322e-02</span>
<span class="r-out co"><span class="r-pr">#&gt;</span> 193 0.6152709 0.32671499 5.801409e-02</span>
<span class="r-out co"><span class="r-pr">#&gt;</span> 194 0.5753347 0.23012721 1.945381e-01</span>
<span class="r-out co"><span class="r-pr">#&gt;</span> 195 0.5275105 0.39766027 7.482924e-02</span>
<span class="r-out co"><span class="r-pr">#&gt;</span> 196 0.7217033 0.16998153 1.083152e-01</span>
<span class="r-out co"><span class="r-pr">#&gt;</span> 197 0.6870609 0.27779338 3.514569e-02</span>
<span class="r-out co"><span class="r-pr">#&gt;</span> 198 0.5829836 0.37478139 4.223505e-02</span>
<span class="r-out co"><span class="r-pr">#&gt;</span> 199 0.5090279 0.40475973 8.621237e-02</span>
<span class="r-out co"><span class="r-pr">#&gt;</span> 200 0.6630073 0.24231343 9.467926e-02</span>
<span class="r-out co"><span class="r-pr">#&gt;</span> </span>
<span class="r-out co"><span class="r-pr">#&gt;</span> , , k_10</span>
<span class="r-out co"><span class="r-pr">#&gt;</span> </span>
<span class="r-out co"><span class="r-pr">#&gt;</span>          eig1      eig2       eig3</span>
<span class="r-out co"><span class="r-pr">#&gt;</span> 1   0.6239650 0.2272108 0.14882426</span>
<span class="r-out co"><span class="r-pr">#&gt;</span> 2   0.5267052 0.3738274 0.09946746</span>
<span class="r-out co"><span class="r-pr">#&gt;</span> 3   0.5208855 0.3935796 0.08553493</span>
<span class="r-out co"><span class="r-pr">#&gt;</span> 4   0.5274770 0.3696826 0.10284040</span>
<span class="r-out co"><span class="r-pr">#&gt;</span> 5   0.6046486 0.2676058 0.12774562</span>
<span class="r-out co"><span class="r-pr">#&gt;</span> 6   0.5188404 0.3098992 0.17126035</span>
<span class="r-out co"><span class="r-pr">#&gt;</span> 7   0.4526317 0.2973989 0.24996939</span>
<span class="r-out co"><span class="r-pr">#&gt;</span> 8   0.5044275 0.3055434 0.19002913</span>
<span class="r-out co"><span class="r-pr">#&gt;</span> 9   0.4954439 0.4181602 0.08639595</span>
<span class="r-out co"><span class="r-pr">#&gt;</span> 10  0.6900794 0.2628014 0.04711917</span>
<span class="r-out co"><span class="r-pr">#&gt;</span> 11  0.5967093 0.2779295 0.12536122</span>
<span class="r-out co"><span class="r-pr">#&gt;</span> 12  0.6213020 0.3314317 0.04726626</span>
<span class="r-out co"><span class="r-pr">#&gt;</span> 13  0.5476929 0.3420974 0.11020964</span>
<span class="r-out co"><span class="r-pr">#&gt;</span> 14  0.6024322 0.3129333 0.08463450</span>
<span class="r-out co"><span class="r-pr">#&gt;</span> 15  0.6216219 0.3028740 0.07550412</span>
<span class="r-out co"><span class="r-pr">#&gt;</span> 16  0.5185650 0.2796210 0.20181394</span>
<span class="r-out co"><span class="r-pr">#&gt;</span> 17  0.4285455 0.3423606 0.22909384</span>
<span class="r-out co"><span class="r-pr">#&gt;</span> 18  0.6086963 0.2864251 0.10487859</span>
<span class="r-out co"><span class="r-pr">#&gt;</span> 19  0.4809524 0.3907168 0.12833087</span>
<span class="r-out co"><span class="r-pr">#&gt;</span> 20  0.5602048 0.3184714 0.12132379</span>
<span class="r-out co"><span class="r-pr">#&gt;</span> 21  0.4529260 0.4016954 0.14537858</span>
<span class="r-out co"><span class="r-pr">#&gt;</span> 22  0.5547331 0.3642326 0.08103427</span>
<span class="r-out co"><span class="r-pr">#&gt;</span> 23  0.5005624 0.3797670 0.11967067</span>
<span class="r-out co"><span class="r-pr">#&gt;</span> 24  0.5266349 0.3556811 0.11768402</span>
<span class="r-out co"><span class="r-pr">#&gt;</span> 25  0.7148805 0.1805997 0.10451980</span>
<span class="r-out co"><span class="r-pr">#&gt;</span> 26  0.5985752 0.2626428 0.13878198</span>
<span class="r-out co"><span class="r-pr">#&gt;</span> 27  0.6952259 0.2140295 0.09074463</span>
<span class="r-out co"><span class="r-pr">#&gt;</span> 28  0.6790215 0.1817633 0.13921518</span>
<span class="r-out co"><span class="r-pr">#&gt;</span> 29  0.4449301 0.3011509 0.25391903</span>
<span class="r-out co"><span class="r-pr">#&gt;</span> 30  0.4048513 0.3432698 0.25187896</span>
<span class="r-out co"><span class="r-pr">#&gt;</span> 31  0.5851833 0.2984490 0.11636766</span>
<span class="r-out co"><span class="r-pr">#&gt;</span> 32  0.5418414 0.2692830 0.18887561</span>
<span class="r-out co"><span class="r-pr">#&gt;</span> 33  0.6170663 0.3531423 0.02979133</span>
<span class="r-out co"><span class="r-pr">#&gt;</span> 34  0.4654535 0.3776213 0.15692528</span>
<span class="r-out co"><span class="r-pr">#&gt;</span> 35  0.7817378 0.1740642 0.04419807</span>
<span class="r-out co"><span class="r-pr">#&gt;</span> 36  0.5329865 0.2847304 0.18228313</span>
<span class="r-out co"><span class="r-pr">#&gt;</span> 37  0.6500611 0.2451193 0.10481956</span>
<span class="r-out co"><span class="r-pr">#&gt;</span> 38  0.4725277 0.4319893 0.09548303</span>
<span class="r-out co"><span class="r-pr">#&gt;</span> 39  0.6484687 0.2184557 0.13307560</span>
<span class="r-out co"><span class="r-pr">#&gt;</span> 40  0.6160848 0.2969538 0.08696138</span>
<span class="r-out co"><span class="r-pr">#&gt;</span> 41  0.6370786 0.3262549 0.03666648</span>
<span class="r-out co"><span class="r-pr">#&gt;</span> 42  0.6803371 0.1748259 0.14483702</span>
<span class="r-out co"><span class="r-pr">#&gt;</span> 43  0.6952259 0.2140295 0.09074463</span>
<span class="r-out co"><span class="r-pr">#&gt;</span> 44  0.4870740 0.4221958 0.09073020</span>
<span class="r-out co"><span class="r-pr">#&gt;</span> 45  0.5265148 0.3276236 0.14586163</span>
<span class="r-out co"><span class="r-pr">#&gt;</span> 46  0.5740455 0.2253038 0.20065073</span>
<span class="r-out co"><span class="r-pr">#&gt;</span> 47  0.5745070 0.3162163 0.10927677</span>
<span class="r-out co"><span class="r-pr">#&gt;</span> 48  0.4834826 0.3552548 0.16126266</span>
<span class="r-out co"><span class="r-pr">#&gt;</span> 49  0.6653280 0.2315337 0.10313830</span>
<span class="r-out co"><span class="r-pr">#&gt;</span> 50  0.6097616 0.3056043 0.08463410</span>
<span class="r-out co"><span class="r-pr">#&gt;</span> 51  0.5867190 0.2570011 0.15627993</span>
<span class="r-out co"><span class="r-pr">#&gt;</span> 52  0.7189209 0.1590535 0.12202562</span>
<span class="r-out co"><span class="r-pr">#&gt;</span> 53  0.4217161 0.3845876 0.19369633</span>
<span class="r-out co"><span class="r-pr">#&gt;</span> 54  0.5137962 0.3255104 0.16069339</span>
<span class="r-out co"><span class="r-pr">#&gt;</span> 55  0.6755627 0.2224036 0.10203370</span>
<span class="r-out co"><span class="r-pr">#&gt;</span> 56  0.5383383 0.3006696 0.16099211</span>
<span class="r-out co"><span class="r-pr">#&gt;</span> 57  0.5528179 0.3075875 0.13959457</span>
<span class="r-out co"><span class="r-pr">#&gt;</span> 58  0.4321482 0.3470670 0.22078478</span>
<span class="r-out co"><span class="r-pr">#&gt;</span> 59  0.5771709 0.3302215 0.09260759</span>
<span class="r-out co"><span class="r-pr">#&gt;</span> 60  0.4975724 0.3013210 0.20110667</span>
<span class="r-out co"><span class="r-pr">#&gt;</span> 61  0.6071200 0.2848328 0.10804726</span>
<span class="r-out co"><span class="r-pr">#&gt;</span> 62  0.7409987 0.1682052 0.09079611</span>
<span class="r-out co"><span class="r-pr">#&gt;</span> 63  0.5819113 0.2801427 0.13794595</span>
<span class="r-out co"><span class="r-pr">#&gt;</span> 64  0.7012725 0.2446285 0.05409904</span>
<span class="r-out co"><span class="r-pr">#&gt;</span> 65  0.5713985 0.3114243 0.11717725</span>
<span class="r-out co"><span class="r-pr">#&gt;</span> 66  0.6550127 0.2291792 0.11580806</span>
<span class="r-out co"><span class="r-pr">#&gt;</span> 67  0.6804644 0.2720107 0.04752485</span>
<span class="r-out co"><span class="r-pr">#&gt;</span> 68  0.5343000 0.3028442 0.16285579</span>
<span class="r-out co"><span class="r-pr">#&gt;</span> 69  0.7768797 0.1565586 0.06656169</span>
<span class="r-out co"><span class="r-pr">#&gt;</span> 70  0.5436090 0.3778449 0.07854608</span>
<span class="r-out co"><span class="r-pr">#&gt;</span> 71  0.6386508 0.2903211 0.07102804</span>
<span class="r-out co"><span class="r-pr">#&gt;</span> 72  0.6153164 0.3062544 0.07842926</span>
<span class="r-out co"><span class="r-pr">#&gt;</span> 73  0.5910943 0.2758219 0.13308382</span>
<span class="r-out co"><span class="r-pr">#&gt;</span> 74  0.5018924 0.3904378 0.10766984</span>
<span class="r-out co"><span class="r-pr">#&gt;</span> 75  0.5434291 0.3137743 0.14279660</span>
<span class="r-out co"><span class="r-pr">#&gt;</span> 76  0.6944874 0.2383451 0.06716752</span>
<span class="r-out co"><span class="r-pr">#&gt;</span> 77  0.5737634 0.2848258 0.14141083</span>
<span class="r-out co"><span class="r-pr">#&gt;</span> 78  0.4475801 0.3985343 0.15388552</span>
<span class="r-out co"><span class="r-pr">#&gt;</span> 79  0.5898792 0.2790793 0.13104146</span>
<span class="r-out co"><span class="r-pr">#&gt;</span> 80  0.6251567 0.2588115 0.11603174</span>
<span class="r-out co"><span class="r-pr">#&gt;</span> 81  0.6257816 0.3297134 0.04450497</span>
<span class="r-out co"><span class="r-pr">#&gt;</span> 82  0.5840158 0.3305014 0.08548280</span>
<span class="r-out co"><span class="r-pr">#&gt;</span> 83  0.7215940 0.2029092 0.07549684</span>
<span class="r-out co"><span class="r-pr">#&gt;</span> 84  0.5202786 0.2563666 0.22335482</span>
<span class="r-out co"><span class="r-pr">#&gt;</span> 85  0.6148529 0.2613862 0.12376088</span>
<span class="r-out co"><span class="r-pr">#&gt;</span> 86  0.4554104 0.3833339 0.16125568</span>
